fitness : 2791.95
selection pressure : 3
crossover parameter : 0.7
mutation parameter : 0.2
population : 100
elite proportion : 0.2
generation : 15204
time : 351.214
97
98
99
100
101
102
103
89
90
91
92
79
78
80
81
88
108
109
107
104
105
106
172
171
170
169
168
167
166
165
164
163
162
161
160
173
159
158
157
156
118
119
120
121
122
123
124
29
125
126
127
20
19
130
129
128
153
154
152
155
151
150
176
175
174
177
178
179
180
181
182
183
184
185
186
187
188
189
190
191
196
195
192
193
194
199
200
201
142
143
198
197
144
145
146
141
140
147
148
149
138
137
136
135
134
133
132
131
18
17
16
268
267
266
265
264
139
263
262
261
260
259
257
256
255
254
253
252
251
204
206
207
250
249
228
227
212
213
211
209
208
205
210
203
202
214
215
218
219
220
217
216
221
222
223
224
225
226
231
232
233
234
235
230
236
229
244
237
238
239
242
243
245
248
247
246
241
240
1
0
278
2
277
276
258
15
269
270
271
272
273
274
275
3
4
5
6
7
8
9
10
11
14
12
13
23
22
24
21
25
26
27
28
30
31
32
33
34
35
36
37
38
39
40
41
42
59
60
43
44
45
46
47
48
49
50
51
52
53
54
55
56
57
58
62
61
117
116
114
113
110
111
87
82
83
86
112
115
85
84
64
63
65
66
67
68
69
70
71
72
73
74
75
76
77
94
95
96
93
