fitness : 7141.17
selection pressure : 3
crossover parameter : 0.7
mutation parameter : 0.2
population : 100
elite proportion : 1000
generation : 0.2
time : 29.7817
212
211
226
230
237
231
233
234
219
216
222
215
232
236
235
244
229
238
240
243
241
245
242
249
246
248
275
277
1
278
0
2
3
4
6
7
270
15
23
27
20
131
135
147
148
143
185
192
193
194
202
204
262
152
120
41
121
122
125
19
126
268
198
199
218
214
217
220
223
209
256
257
271
272
258
273
274
269
10
276
5
8
254
261
138
139
136
137
140
133
150
156
155
151
158
169
170
162
183
142
141
145
146
144
197
191
195
190
189
201
200
196
264
203
213
210
221
224
227
239
247
253
252
206
205
207
208
251
250
259
255
260
263
130
129
176
175
157
115
85
70
66
82
73
88
87
108
81
107
103
98
104
101
100
89
105
86
80
116
171
166
167
165
164
186
161
119
174
159
172
163
187
188
184
182
181
173
177
180
178
179
160
102
92
90
99
93
95
97
96
94
91
79
109
106
168
114
112
84
117
64
78
71
72
69
65
52
50
51
35
36
49
53
48
40
45
59
57
54
44
55
56
63
113
111
110
77
76
75
74
83
61
62
67
68
60
42
58
47
124
29
30
22
12
11
9
13
14
16
132
267
149
154
123
153
118
128
127
26
32
34
37
43
46
39
38
33
31
28
24
25
21
17
18
134
266
265
225
228
