fitness : 7147.01
selection pressure : 3
crossover parameter : 0.7
mutation parameter : 0.2
population : 100
elite proportion : 1000
generation : 0.2
time : 29.1711
276
246
278
240
241
277
275
3
4
6
8
274
273
7
15
14
13
12
271
255
256
270
269
16
25
22
21
20
19
18
17
26
30
33
49
36
123
57
52
60
62
68
64
66
65
63
67
69
85
84
86
83
113
109
121
127
124
29
28
125
27
31
34
58
56
44
39
43
54
55
47
48
117
118
152
174
175
138
149
150
200
145
177
178
198
203
211
141
202
266
268
133
136
264
257
258
259
254
245
207
199
193
143
142
140
148
147
139
201
137
122
120
153
126
32
35
37
38
40
46
59
42
41
45
53
51
50
116
61
114
115
107
92
70
73
74
76
112
111
82
77
71
72
75
110
172
160
151
176
119
132
135
267
205
209
227
222
234
243
242
239
229
230
236
237
249
251
253
250
226
210
218
216
208
247
244
238
235
232
231
228
260
252
262
263
265
248
204
225
224
233
223
213
146
144
196
195
188
189
186
185
180
181
179
156
154
155
157
158
159
171
163
170
164
166
99
103
88
90
97
98
167
100
95
94
93
169
106
104
91
105
101
168
96
79
78
81
87
102
89
108
80
173
165
161
162
183
182
184
187
190
192
194
191
197
215
220
212
219
217
221
214
206
261
134
131
130
129
128
24
23
10
11
9
5
272
0
1
2
