849.7,102.531
875.1,79.6724
900.5,56.141
1154.5,1034.5
1129.1,1034.5
1154.5,1034.5
1103.7,1034.5
1129.1,1034.5
1078.3,1034.5
1103.7,1034.5
1052.9,1034.5
1078.3,1034.5
1027.5,1034.5
1052.9,1034.5
1002.1,1034.5
1027.5,1034.5
976.7,1034.5
1002.1,1034.5
951.3,1034.5
976.7,1034.5
925.9,1034.5
951.3,1034.5
900.5,1034.5
925.9,1034.5
875.1,1034.5
900.5,1034.5
849.7,1034.5
875.1,1034.5
-217.333,1034.5
849.7,1034.5
849.7,1148.8
-369.009,1148.8
875.1,1148.8
849.7,1148.8
900.5,1148.8
875.1,1148.8
925.9,1148.8
900.5,1148.8
951.3,1148.8
925.9,1148.8
976.7,1148.8
951.3,1148.8
1002.1,1148.8
976.7,1148.8
1027.5,1148.8
1002.1,1148.8
1052.9,1148.8
1027.5,1148.8
1078.3,1148.8
1052.9,1148.8
1103.7,1148.8
1078.3,1148.8
1129.1,1148.8
1103.7,1148.8
1154.5,1148.8
1129.1,1148.8
1154.5,1148.8
1154.5,1263.1
1154.5,1263.1
1129.1,1263.1
1129.1,1263.1
1103.7,1263.1
1103.7,1263.1
1078.3,1263.1
1078.3,1263.1
1027.5,1263.1
1052.9,1263.1
1052.9,1263.1
1002.1,1263.1
1027.5,1263.1
1002.1,1263.1
976.7,1263.1
976.7,1263.1
925.9,1263.1
951.3,1263.1
951.3,1263.1
925.9,1263.1
875.1,1263.1
900.5,1263.1
900.5,1263.1
875.1,1263.1
-531.091,1263.1
849.7,1263.1
849.7,1263.1
849.7,1377.4
-713.985,1377.4
875.1,1377.4
849.7,1377.4
900.5,1377.4
875.1,1377.4
925.9,1377.4
900.5,1377.4
951.3,1377.4
925.9,1377.4
976.7,1377.4
951.3,1377.4
1002.1,1377.4
976.7,1377.4
1027.5,1377.4
1002.1,1377.4
1052.9,1377.4
1027.5,1377.4
1078.3,1377.4
1052.9,1377.4
1103.7,1377.4
1078.3,1377.4
1129.1,1377.4
1103.7,1377.4
1154.5,1377.4
1129.1,1377.4
1154.5,1377.4
1154.5,1491.7
1154.5,1491.7
1129.1,1491.7
1129.1,1491.7
1103.7,1491.7
1103.7,1491.7
1078.3,1491.7
1078.3,1491.7
1027.5,1491.7
1052.9,1491.7
1052.9,1491.7
1002.1,1491.7
1027.5,1491.7
1002.1,1491.7
976.7,1491.7
976.7,1491.7
925.9,1491.7
951.3,1491.7
951.3,1491.7
925.9,1491.7
875.1,1491.7
900.5,1491.7
900.5,1491.7
875.1,1491.7
-907.284,1491.7
849.7,1491.7
849.7,1491.7
849.7,1606
-1121.4,1606
875.1,1606
849.7,1606
900.5,1606
875.1,1606
925.9,1606
900.5,1606
951.3,1606
925.9,1606
976.7,1606
951.3,1606
1002.1,1606
976.7,1606
1027.5,1606
1002.1,1606
1052.9,1606
1027.5,1606
1078.3,1606
1052.9,1606
1103.7,1606
1078.3,1606
1129.1,1606
1103.7,1606
1154.5,1606
1129.1,1606
1154.5,1606
1154.5,1720.3
1154.5,1720.3
1129.1,1720.3
1129.1,1720.3
1103.7,1720.3
1103.7,1720.3
1078.3,1720.3
1078.3,1720.3
1027.5,1720.3
1052.9,1720.3
1052.9,1720.3
1002.1,1720.3
1027.5,1720.3
1002.1,1720.3
976.7,1720.3
976.7,1720.3
925.9,1720.3
951.3,1720.3
951.3,1720.3
925.9,1720.3
875.1,1720.3
900.5,1720.3
900.5,1720.3
875.1,1720.3
-1345.91,1720.3
849.7,1720.3
849.7,1720.3
849.7,1847.3
-1618.5,1847.3
849.7,1847.3
875.1,1847.3
875.1,1847.3
900.5,1847.3
900.5,1847.3
925.9,1847.3
925.9,1847.3
951.3,1847.3
951.3,1847.3
976.7,1847.3
976.7,1847.3
1002.1,1847.3
1002.1,1847.3
1027.5,1847.3
1027.5,1847.3
1052.9,1847.3
1052.9,1847.3
1078.3,1847.3
1078.3,1847.3
1103.7,1847.3
1103.7,1847.3
1129.1,1847.3
1129.1,1847.3
1154.5,1847.3
1154.5,1847.3
1154.5,1974.3
1154.5,1974.3
1129.1,1974.3
1129.1,1974.3
1103.7,1974.3
1103.7,1974.3
1078.3,1974.3
1078.3,1974.3
1027.5,1974.3
1052.9,1974.3
1052.9,1974.3
1002.1,1974.3
1027.5,1974.3
1002.1,1974.3
976.7,1974.3
976.7,1974.3
925.9,1974.3
951.3,1974.3
951.3,1974.3
925.9,1974.3
875.1,1974.3
900.5,1974.3
900.5,1974.3
875.1,1974.3
-1906.5,1974.3
849.7,1974.3
849.7,1974.3
849.7,2088.6
-2186.52,2088.6
875.1,2088.6
849.7,2088.6
900.5,2088.6
875.1,2088.6
925.9,2088.6
900.5,2088.6
951.3,2088.6
925.9,2088.6
976.7,2088.6
951.3,2088.6
1002.1,2088.6
976.7,2088.6
1027.5,2088.6
1002.1,2088.6
1052.9,2088.6
1027.5,2088.6
1078.3,2088.6
1052.9,2088.6
1103.7,2088.6
1078.3,2088.6
1129.1,2088.6
1103.7,2088.6
1154.5,2088.6
1129.1,2088.6
1154.5,2088.6
1129.1,2202.9
1154.5,2202.9
1154.5,2202.9
1103.7,2202.9
1129.1,2202.9
1078.3,2202.9
1103.7,2202.9
1052.9,2202.9
1078.3,2202.9
1052.9,2202.9
1027.5,2202.9
1027.5,2202.9
976.7,2202.9
1002.1,2202.9
1002.1,2202.9
951.3,2202.9
976.7,2202.9
951.3,2202.9
900.5,2202.9
925.9,2202.9
925.9,2202.9
900.5,2202.9
849.7,2202.9
875.1,2202.9
875.1,2202.9
849.7,2202.9
-2476.94,2202.9
849.7,2317.2
-2788.17,2317.2
875.1,2317.2
849.7,2317.2
900.5,2317.2
875.1,2317.2
925.9,2317.2
900.5,2317.2
951.3,2317.2
925.9,2317.2
976.7,2317.2
951.3,2317.2
1002.1,2317.2
976.7,2317.2
1027.5,2317.2
1002.1,2317.2
1052.9,2317.2
1027.5,2317.2
1078.3,2317.2
1052.9,2317.2
1103.7,2317.2
1078.3,2317.2
1129.1,2317.2
1103.7,2317.2
1154.5,2317.2
1129.1,2317.2
1154.5,2317.2
1129.1,2431.5
1154.5,2431.5
1154.5,2431.5
1103.7,2431.5
1129.1,2431.5
1078.3,2431.5
1103.7,2431.5
1052.9,2431.5
1078.3,2431.5
1027.5,2431.5
1052.9,2431.5
1002.1,2431.5
1027.5,2431.5
976.7,2431.5
1002.1,2431.5
951.3,2431.5
976.7,2431.5
925.9,2431.5
951.3,2431.5
900.5,2431.5
925.9,2431.5
875.1,2431.5
900.5,2431.5
849.7,2431.5
875.1,2431.5
849.7,2431.5
-3109.81,2431.5
849.7,2545.8
-3452.26,2545.8
875.1,2545.8
849.7,2545.8
900.5,2545.8
875.1,2545.8
925.9,2545.8
900.5,2545.8
951.3,2545.8
925.9,2545.8
976.7,2545.8
951.3,2545.8
1002.1,2545.8
976.7,2545.8
1027.5,2545.8
1002.1,2545.8
1052.9,2545.8
1027.5,2545.8
1078.3,2545.8
1052.9,2545.8
1103.7,2545.8
1078.3,2545.8
1129.1,2545.8
1103.7,2545.8
1154.5,2545.8
1129.1,2545.8
1154.5,2545.8
1205.3,2545.8
1129.1,2660.1
1154.5,2660.1
1154.5,2660.1
1103.7,2660.1
1129.1,2660.1
1078.3,2660.1
1103.7,2660.1
1052.9,2660.1
1078.3,2660.1
1052.9,2660.1
1027.5,2660.1
1027.5,2660.1
976.7,2660.1
1002.1,2660.1
1002.1,2660.1
951.3,2660.1
976.7,2660.1
951.3,2660.1
900.5,2660.1
925.9,2660.1
925.9,2660.1
900.5,2660.1
849.7,2660.1
875.1,2660.1
875.1,2660.1
849.7,2660.1
-4353.88,2827.96
-3805.11,2660.1
976.7,2812.5
900.5,2825.2
925.9,2816.73
951.3,2812.5
1078.3,2816.73
1002.1,2816.73
1002.1,2816.73
1027.5,2812.5
1052.9,2812.5
1154.5,2812.5
1091,2820.97
1103.7,2816.73
1129.1,2812.5
1179.9,2816.73
1179.9,2901.4
1179.9,2901.4
1002.1,2901.4
1091,2901.4
1091,2901.4
1002.1,2901.4
938.6,2901.4
849.7,2836.09
875.1,2828.83
900.5,2825.2
1002.1,2926.8
938.6,2926.8
1091,2926.8
1002.1,2926.8
1179.9,2926.8
1091,2926.8
1179.9,2926.8
1179.9,2952.2
1179.9,2952.2
1002.1,2952.2
1091,2952.2
1091,2952.2
1002.1,2952.2
932.25,2939.5
938.6,2952.2
-6664.67,5363.86
608.4,2939.5
1002.1,2977.6
938.6,2977.6
1091,2977.6
1002.1,2977.6
1179.9,2977.6
1091,2977.6
1179.9,2977.6
1179.9,3003
1179.9,3003
1002.1,3003
1091,3003
1091,3003
1002.1,3003
925.9,3003
1002.1,3028.4
900.5,3028.4
1091,3028.4
1002.1,3028.4
1179.9,3028.4
1091,3028.4
1179.9,3028.4
1179.9,3053.8
1179.9,3053.8
1179.9,6233.52
1002.1,3053.8
1091,3053.8
1091,3053.8
1091,6245.49
1002.1,3053.8
1002.1,6258.9
-8719.97,7844.98
862.4,3053.8
1154.5,793.295
1129.1,745.739
1103.7,690.483
1078.3,627.529
1052.9,556.875
1027.5,478.523
1002.1,392.472
976.7,298.723
951.3,197.274
925.9,88.1271
915.781,41.5789
1311.2,-545.648
1336.2,-583.49
1361.2,-622.046
1386.2,-661.317
1411.2,-701.303
1436.2,-742.003
1461.2,-783.418
1486.2,-825.548
1511.2,-868.393
1536.2,-911.952
1561.2,-956.226
1586.2,-1001.21
1611.2,-1046.92
1636.2,-1093.34
1661.2,-1140.47
1686.2,-1188.32
1711.2,-1236.88
1736.2,-1286.15
1761.2,-1336.15
1786.2,-1386.85
1811.2,-1438.27
1836.2,-1490.41
1861.2,-1543.26
1886.2,-1596.82
1911.2,-1651.1
1936.2,-1706.1
1961.2,-1761.81
1986.2,-1818.23
2011.2,-1875.37
2036.2,-1933.22
2061.2,-1991.79
2086.2,-2051.07
2111.2,-2111.07
2136.2,-2171.78
2161.2,-2233.21
2186.2,-2295.35
2223.7,-2389.63
1214.21,887
1311.2,887
1336.2,887
1361.2,887
1323.7,899.5
1386.2,887
1411.2,887
1373.7,899.5
1436.2,887
1461.2,887
1423.7,899.5
1486.2,887
1511.2,887
1473.7,899.5
1536.2,887
1561.2,887
1523.7,899.5
1586.2,887
1611.2,887
1573.7,899.5
1636.2,887
1661.2,887
1623.7,899.5
1686.2,887
1711.2,887
1673.7,899.5
1736.2,887
1761.2,887
1723.7,899.5
1786.2,887
1811.2,887
1773.7,899.5
1836.2,887
1861.2,887
1823.7,899.5
1886.2,887
1911.2,887
1873.7,899.5
1936.2,887
1961.2,887
1923.7,899.5
1986.2,887
2011.2,887
1973.7,899.5
2036.2,887
2061.2,887
2023.7,899.5
2086.2,887
2111.2,887
2073.7,899.5
2136.2,887
2161.2,887
2123.7,899.5
2186.2,887
2223.7,887
2173.7,899.5
2223.7,887
2273.7,887
2323.7,787
2373.7,587
3423.7,899.5
3373.7,899.5
3398.7,924.5
3323.7,899.5
3348.7,924.5
3273.7,899.5
3298.7,924.5
3223.7,899.5
3248.7,924.5
3173.7,899.5
3198.7,924.5
3123.7,899.5
3148.7,924.5
3073.7,899.5
3098.7,924.5
3023.7,899.5
3048.7,924.5
2973.7,899.5
2998.7,924.5
2923.7,899.5
2948.7,924.5
2873.7,899.5
2898.7,924.5
2823.7,899.5
2848.7,924.5
2773.7,899.5
2798.7,924.5
2723.7,899.5
2748.7,924.5
2673.7,899.5
2698.7,924.5
2623.7,899.5
2648.7,924.5
2573.7,899.5
2598.7,924.5
2523.7,949.5
2473.7,912
2423.7,912
2373.7,912
2423.7,912
2323.7,912
2373.7,912
2273.7,912
2323.7,912
2173.7,899.5
2123.7,899.5
2148.7,924.5
2073.7,899.5
2098.7,924.5
2023.7,899.5
2048.7,924.5
1973.7,899.5
1998.7,924.5
1923.7,899.5
1948.7,924.5
1873.7,899.5
1898.7,924.5
1823.7,899.5
1848.7,924.5
1773.7,899.5
1798.7,924.5
1723.7,899.5
1748.7,924.5
1673.7,899.5
1698.7,924.5
1623.7,899.5
1648.7,924.5
1573.7,899.5
1598.7,924.5
1523.7,899.5
1548.7,924.5
1473.7,899.5
1498.7,924.5
1423.7,899.5
1448.7,924.5
1373.7,899.5
1398.7,924.5
1323.7,899.5
1348.7,924.5
1265.56,1034.5
1251.91,971.294
2261.2,937
2323.7,937
2373.7,937
2323.7,937
2423.7,937
2373.7,937
2517.45,968.25
2423.7,937
2486.2,937
2648.7,962.279
2698.7,958.941
2748.7,990.374
2540.77,1084.83
2598.7,1000.39
2242.21,955.992
2148.7,976.008
2221.39,947.194
2223.7,947.11
1498.7,1004.76
1548.7,1005.04
1398.7,1015.94
1281.5,1047.9
1348.7,1021.88
1433.9,1021.22
1448.7,1017.38
1457.13,1017.46
1588.4,1017.61
1598.7,1017.61
1698.7,1022.34
1611.7,1021.11
1648.7,1015.92
2048.7,1025.05
2098.7,1016.11
2110.97,1017.21
2145.1,1045.64
2277.63,1028.88
2234,1060.42
2373.7,1028.66
2423.7,1040.36
2322.9,1032.79
2323.7,1032.48
2322.9,1123.4
2234,1123.4
2322.9,1123.4
2145.1,1123.4
2234,1123.4
2145.1,1123.4
2056.2,1123.4
1998.7,1028.93
2033.33,1031.92
1898.7,1031.02
1948.7,1029.72
1967.3,1033.63
1798.7,1030.8
1848.7,1029.88
1878.4,1036.35
1789.5,1033.14
1723.41,1032.15
1748.7,1028.84
1611.7,1123.4
1700.6,1123.4
1611.7,1123.4
1503.75,1110.7
1541.85,1110.7
1548.2,1123.4
1433.9,1123.4
1497.4,1123.4
1278.68,1148.8
1281.5,1123.4
1433.9,1123.4
1278.68,1148.8
1433.9,1148.8
1497.4,1148.8
1433.9,1148.8
1548.2,1148.8
1611.7,1148.8
1700.6,1148.8
1611.7,1148.8
1789.5,1148.8
1700.6,1148.8
1878.4,1148.8
1789.5,1148.8
1967.3,1148.8
1878.4,1148.8
2056.2,1148.8
1967.3,1148.8
2145.1,1148.8
2056.2,1148.8
2234,1148.8
2145.1,1148.8
2322.9,1148.8
2234,1148.8
2322.9,1148.8
2848.7,1055.29
2898.7,1056.19
2948.7,1066.61
2998.7,1086.56
3048.7,1116.04
3098.7,1155.05
3148.7,1203.58
2843.6,1056.17
2797.8,1055.39
2798.7,1055.23
2792.8,1059.05
2742,1082.76
2322.9,1174.2
2234,1174.2
2322.9,1174.2
2145.1,1174.2
2234,1174.2
2056.2,1174.2
2145.1,1174.2
1967.3,1174.2
2056.2,1174.2
1878.4,1174.2
1967.3,1174.2
1789.5,1174.2
1878.4,1174.2
1700.6,1174.2
1789.5,1174.2
1611.7,1174.2
1700.6,1174.2
1535.5,1174.2
1611.7,1174.2
1510.1,1174.2
1522.8,1186.9
1433.9,1174.2
1281.5,1174.2
1433.9,1174.2
1281.5,1199.6
1433.9,1199.6
1522.8,1199.6
1433.9,1199.6
1611.7,1199.6
1522.8,1199.6
1700.6,1199.6
1611.7,1199.6
1789.5,1199.6
1700.6,1199.6
1878.4,1199.6
1789.5,1199.6
1967.3,1199.6
1878.4,1199.6
2056.2,1199.6
1967.3,1199.6
2145.1,1199.6
2056.2,1199.6
2234,1199.6
2145.1,1199.6
2322.9,1199.6
2234,1199.6
2322.9,1199.6
2322.9,1225
2322.9,1225
2145.1,1225
2234,1225
2234,1225
2145.1,1225
1967.3,1225
2056.2,1225
2056.2,1225
1967.3,1225
1789.5,1225
1878.4,1225
1878.4,1225
1789.5,1225
1611.7,1225
1700.6,1225
1700.6,1225
1611.7,1225
1433.9,1225
1522.8,1225
1522.8,1225
1278.68,1225
1433.9,1225
1268.8,1263.1
1273.03,1250.4
1433.9,1250.4
1522.8,1250.4
1433.9,1250.4
1611.7,1250.4
1522.8,1250.4
1700.6,1250.4
1611.7,1250.4
1789.5,1250.4
1700.6,1250.4
1878.4,1250.4
1789.5,1250.4
1967.3,1250.4
1878.4,1250.4
2056.2,1250.4
1967.3,1250.4
2145.1,1250.4
2056.2,1250.4
2234,1250.4
2145.1,1250.4
2322.9,1250.4
2234,1250.4
2322.9,1250.4
2399.1,1250.4
2407.57,1225
2424.5,1199.6
2449.9,1174.2
2574.24,1116.31
2475.3,1155.15
2479.53,1148.8
2500.7,1123.4
2527.35,1096.75
2538.82,1094.38
2322.9,1275.8
2399.1,1275.8
2234,1275.8
2322.9,1275.8
2145.1,1275.8
2234,1275.8
2056.2,1275.8
2145.1,1275.8
1967.3,1275.8
2056.2,1275.8
1878.4,1275.8
1967.3,1275.8
1789.5,1275.8
1878.4,1275.8
1700.6,1275.8
1789.5,1275.8
1611.7,1275.8
1700.6,1275.8
1522.8,1275.8
1611.7,1275.8
1433.9,1275.8
1522.8,1275.8
1273.03,1275.8
1433.9,1275.8
2475.3,1288.5
2403.33,1288.5
2475.3,1288.5
2742,1247.86
2627.7,1288.5
2631.83,1269.89
2792.8,1250.4
2754.7,1250.4
2843.6,1247.86
2805.5,1255.48
2856.3,1250.4
3189.02,1250.4
3198.7,1257.97
3248.7,1303.52
2856.3,1339.3
2805.5,1326.6
2843.6,1345.65
2754.7,1339.3
2792.8,1339.3
2627.7,1288.5
2742,1345.65
1878.4,1313.9
1789.5,1326.6
1802.2,1339.3
1700.6,1326.6
1802.2,1377.4
1802.2,1377.4
1691.08,1339.3
1700.6,1377.4
1611.7,1339.3
1522.8,1339.3
1611.7,1339.3
1433.9,1339.3
1522.8,1339.3
1433.9,1339.3
1278.68,1377.4
1287.14,1339.3
1281.5,1402.8
1433.9,1402.8
1522.8,1402.8
1433.9,1402.8
1611.7,1402.8
1522.8,1402.8
1700.6,1402.8
1611.7,1402.8
1802.2,1402.8
1700.6,1402.8
1802.2,1402.8
1891.1,1402.8
1899.57,1377.4
1916.5,1352
1967.3,1352
2056.2,1352
1967.3,1352
2145.1,1352
2056.2,1352
2234,1352
2145.1,1352
2322.9,1352
2234,1352
2382.17,1352
2322.9,1352
2475.3,1358.35
2411.8,1374.23
2614.15,1342.69
2500.7,1371.05
2500.7,1428.2
2638.59,1428.2
2411.8,1428.2
2500.7,1428.2
2322.9,1428.2
2411.8,1428.2
2234,1428.2
2322.9,1428.2
2145.1,1428.2
2234,1428.2
2056.2,1428.2
2145.1,1428.2
1967.3,1428.2
2056.2,1428.2
1891.1,1428.2
1967.3,1428.2
1802.2,1428.2
1891.1,1428.2
1700.6,1428.2
1802.2,1428.2
1611.7,1428.2
1700.6,1428.2
1522.8,1428.2
1611.7,1428.2
1433.9,1428.2
1522.8,1428.2
1281.5,1428.2
1433.9,1428.2
1278.68,1453.6
1433.9,1453.6
1522.8,1453.6
1433.9,1453.6
1611.7,1453.6
1522.8,1453.6
1700.6,1453.6
1611.7,1453.6
1802.2,1453.6
1700.6,1453.6
1891.1,1453.6
1802.2,1453.6
1967.3,1453.6
1891.1,1453.6
2056.2,1453.6
1967.3,1453.6
2145.1,1453.6
2056.2,1453.6
2234,1453.6
2145.1,1453.6
2322.9,1453.6
2234,1453.6
2411.8,1453.6
2322.9,1453.6
2500.7,1453.6
2411.8,1453.6
2500.7,1453.6
2843.6,1425.66
2856.3,1428.2
2792.8,1428.2
2805.5,1433.28
2645.75,1444.91
2742,1425.66
2754.7,1428.2
2643.58,1453.6
2500.7,1479
2640.4,1479
2500.7,1479
2322.9,1479
2411.8,1479
2411.8,1479
2322.9,1479
2145.1,1479
2234,1479
2234,1479
2145.1,1479
1967.3,1479
2056.2,1479
2056.2,1479
1891.1,1479
1967.3,1479
1891.1,1479
1802.2,1479
1802.2,1479
1611.7,1479
1700.6,1479
1700.6,1479
1611.7,1479
1433.9,1479
1522.8,1479
1522.8,1479
1268.8,1491.7
1273.03,1479
1433.9,1479
1273.03,1504.4
1433.9,1504.4
1522.8,1504.4
1433.9,1504.4
1611.7,1504.4
1522.8,1504.4
1700.6,1504.4
1611.7,1504.4
1891.1,1504.4
1967.3,1504.4
2056.2,1504.4
1967.3,1504.4
2145.1,1504.4
2056.2,1504.4
2234,1504.4
2145.1,1504.4
2322.9,1504.4
2234,1504.4
2411.8,1504.4
2322.9,1504.4
2500.7,1504.4
2411.8,1504.4
2640.4,1504.4
2500.7,1504.4
2500.7,1529.8
2643.58,1529.8
2411.8,1529.8
2500.7,1529.8
2322.9,1529.8
2411.8,1529.8
2234,1529.8
2322.9,1529.8
2145.1,1529.8
2234,1529.8
2056.2,1529.8
2145.1,1529.8
1967.3,1529.8
2056.2,1529.8
1882.63,1529.8
1967.3,1529.8
1706.95,1529.8
1611.7,1529.8
1522.8,1529.8
1611.7,1529.8
1433.9,1529.8
1522.8,1529.8
1278.68,1529.8
1433.9,1529.8
1281.5,1606
1281.5,1555.2
1433.9,1555.2
1522.8,1555.2
1433.9,1555.2
1611.7,1555.2
1522.8,1555.2
1611.7,1555.2
1719.65,1555.2
1802.2,1618.7
1865.7,1555.2
1967.3,1555.2
2056.2,1555.2
1967.3,1555.2
2145.1,1555.2
2056.2,1555.2
2234,1555.2
2145.1,1555.2
2322.9,1555.2
2234,1555.2
2411.8,1555.2
2322.9,1555.2
2500.7,1555.2
2411.8,1555.2
2500.7,1555.2
2649.93,1555.2
2500.7,1631.4
2411.8,1631.4
2500.7,1631.4
2234,1631.4
2145.1,1631.4
2056.2,1631.4
2145.1,1631.4
1611.7,1631.4
1776.8,1631.4
1793.24,1639.62
1522.8,1631.4
1611.7,1631.4
1433.9,1631.4
1522.8,1631.4
1289.97,1631.4
1433.9,1631.4
1268.8,1720.3
1273.03,1707.6
1433.9,1707.6
1522.8,1707.6
1433.9,1707.6
1611.7,1707.6
1522.8,1707.6
1611.7,1707.6
1967.3,1644.1
1789.5,1707.6
1795.27,1644.1
2040.32,1644.1
1967.3,1644.1
2145.1,1707.6
2056.2,1707.6
2145.1,1707.6
2234,1707.6
2249.88,1644.1
2322.9,1644.1
2395.93,1644.1
2322.9,1644.1
2500.7,1707.6
2411.8,1707.6
2500.7,1707.6
2589.6,1707.6
2608.65,1631.4
2664.53,1594.15
2754.7,1608.82
2805.5,1620.11
2678.5,1600.36
3298.7,1335.18
3348.7,1335.03
3351.6,1335.2
3275.4,1339.3
3279.58,1335.61
3288.1,1335.86
3180.64,1428.2
3224.6,1390.1
3161.1,1453.6
3097.6,1517.1
3034.1,1567.9
2945.2,1612.35
2820.44,1628.41
2856.3,1621.24
2678.5,1733
2805.5,1733
2589.6,1733
2678.5,1733
2500.7,1733
2589.6,1733
2500.7,1733
2322.9,1733
2411.8,1733
2411.8,1733
2322.9,1733
2145.1,1733
2234,1733
2234,1733
2145.1,1733
1967.3,1733
2056.2,1733
2056.2,1733
1967.3,1733
1611.7,1733
1789.5,1733
1789.5,1733
1611.7,1733
1433.9,1733
1522.8,1733
1522.8,1733
1273.03,1733
1433.9,1733
1278.68,1758.4
1433.9,1758.4
1522.8,1758.4
1433.9,1758.4
1611.7,1758.4
1522.8,1758.4
1789.5,1758.4
1611.7,1758.4
1789.5,1758.4
1967.3,1758.4
2056.2,1758.4
1967.3,1758.4
2145.1,1758.4
2056.2,1758.4
2234,1758.4
2145.1,1758.4
2322.9,1758.4
2234,1758.4
2411.8,1758.4
2322.9,1758.4
2500.7,1758.4
2411.8,1758.4
2589.6,1758.4
2500.7,1758.4
2678.5,1758.4
2589.6,1758.4
2805.5,1758.4
2678.5,1758.4
8122.29,1771.1
3923.1,1771.1
3923.1,1771.1
3859.6,1771.1
3859.6,1771.1
3796.1,1771.1
3796.1,1771.1
3732.6,1771.1
3732.6,1771.1
3669.1,1771.1
3669.1,1771.1
3605.6,1771.1
3605.6,1771.1
3542.1,1771.1
3542.1,1771.1
3478.6,1771.1
3478.6,1771.1
3415.1,1771.1
3415.1,1771.1
3351.6,1771.1
3351.6,1771.1
3288.1,1771.1
3288.1,1771.1
3224.6,1771.1
3224.6,1771.1
3161.1,1771.1
3161.1,1771.1
3097.6,1771.1
3097.6,1771.1
3034.1,1771.1
3034.1,1771.1
2678.5,1783.8
2589.6,1783.8
2678.5,1783.8
2500.7,1783.8
2589.6,1783.8
2411.8,1783.8
2500.7,1783.8
2322.9,1783.8
2411.8,1783.8
2234,1783.8
2322.9,1783.8
2145.1,1783.8
2234,1783.8
2056.2,1783.8
2145.1,1783.8
1967.3,1783.8
2056.2,1783.8
1789.5,1783.8
1967.3,1783.8
1611.7,1783.8
1789.5,1783.8
1522.8,1783.8
1611.7,1783.8
1433.9,1783.8
1522.8,1783.8
1281.5,1783.8
1433.9,1783.8
1281.5,1809.2
1433.9,1809.2
1522.8,1809.2
1433.9,1809.2
1611.7,1809.2
1522.8,1809.2
1789.5,1809.2
1611.7,1809.2
1789.5,1809.2
1967.3,1809.2
2056.2,1809.2
1967.3,1809.2
2145.1,1809.2
2056.2,1809.2
2234,1809.2
2145.1,1809.2
2322.9,1809.2
2234,1809.2
2411.8,1809.2
2322.9,1809.2
2500.7,1809.2
2411.8,1809.2
2589.6,1809.2
2500.7,1809.2
2678.5,1809.2
2589.6,1809.2
2678.5,1809.2
2941.39,1771.1
2945.2,1767.92
2951.55,1771.1
8166.68,1821.9
3923.1,1821.9
3923.1,1821.9
3859.6,1821.9
3859.6,1821.9
3796.1,1821.9
3796.1,1821.9
3732.6,1821.9
3732.6,1821.9
3669.1,1821.9
3669.1,1821.9
3605.6,1821.9
3605.6,1821.9
3542.1,1821.9
3542.1,1821.9
3478.6,1821.9
3478.6,1821.9
3415.1,1821.9
3415.1,1821.9
3351.6,1821.9
3351.6,1821.9
3288.1,1821.9
3288.1,1821.9
3224.6,1821.9
3224.6,1821.9
3161.1,1821.9
3161.1,1821.9
3097.6,1821.9
3097.6,1821.9
2985.42,1821.9
3034.1,1821.9
3034.1,1821.9
2773.75,1809.2
2786.45,1783.8
2805.5,1758.4
2822.43,1771.1
2678.5,1834.6
2767.4,1834.6
2589.6,1834.6
2678.5,1834.6
2500.7,1834.6
2589.6,1834.6
2411.8,1834.6
2500.7,1834.6
2322.9,1834.6
2411.8,1834.6
2234,1834.6
2322.9,1834.6
2145.1,1834.6
2234,1834.6
2056.2,1834.6
2145.1,1834.6
1967.3,1834.6
2056.2,1834.6
1789.5,1834.6
1967.3,1834.6
1611.7,1834.6
1789.5,1834.6
1522.8,1834.6
1611.7,1834.6
1433.9,1834.6
1522.8,1834.6
1275.86,1847.3
1278.68,1834.6
1433.9,1834.6
1278.68,1860
1433.9,1860
1433.9,1860
1611.7,1860
1522.8,1860
1522.8,1860
1789.5,1860
1611.7,1860
1789.5,1860
1967.3,1860
1967.3,1860
2145.1,1860
2056.2,1860
2056.2,1860
2234,1860
2145.1,1860
2322.9,1860
2234,1860
2411.8,1860
2322.9,1860
2500.7,1860
2411.8,1860
2589.6,1860
2500.7,1860
2678.5,1860
2589.6,1860
2767.4,1860
2678.5,1860
2908.37,1853.65
2877.47,1853.65
2860.27,1874.29
2951.55,1872.7
2935.04,1872.7
2976.95,1885.4
3097.6,1885.4
3034.1,1885.4
3034.1,1885.4
3097.6,1885.4
3224.6,1885.4
3161.1,1885.4
3161.1,1885.4
3224.6,1885.4
3351.6,1885.4
3288.1,1885.4
3288.1,1885.4
3351.6,1885.4
3478.6,1885.4
3415.1,1885.4
3415.1,1885.4
3478.6,1885.4
3605.6,1885.4
3542.1,1885.4
3542.1,1885.4
3605.6,1885.4
3732.6,1885.4
3669.1,1885.4
3669.1,1885.4
3732.6,1885.4
3859.6,1885.4
3796.1,1885.4
3796.1,1885.4
3859.6,1885.4
3923.1,1885.4
3923.1,1885.4
8222.86,1885.4
2884.87,1923.5
2924.88,1923.5
2776.93,1898.1
2824.55,1898.1
3034.1,1942.55
3097.6,1942.55
2589.6,1923.5
2500.7,1923.5
2678.5,1923.5
2589.6,1923.5
2757.87,1923.5
2678.5,1923.5
3732.6,1948.9
3796.1,1948.9
3669.1,2012.4
3161.1,1953.13
3224.6,1995.47
3116.65,1967.95
2976.95,1961.6
3024.57,1961.6
2931.79,1958.07
2957.9,1971.12
2881.7,1978.11
2856.3,1961.6
2864.46,1964.32
2773.75,1987
2780.1,1999.7
2678.5,1987
2589.6,1987
2678.5,1987
2322.9,1936.2
2234,1936.2
2145.1,1931.12
2208.6,1956.52
2056.2,1928.58
2081.6,1943.82
1967.3,1946.36
1954.6,1956.52
1789.5,1861.91
1821.25,1903.18
1726,1919.05
1522.8,1928.58
1611.7,1946.36
1618.05,1951.44
1433.9,1936.2
1472,1959.06
1270.21,1974.3
1287.14,1936.2
1278.68,2012.4
1472,2012.4
1472,2012.4
1618.05,2012.4
1618.05,2012.4
1726,2012.4
1726,2012.4
1954.6,2012.4
1821.25,2012.4
1821.25,2012.4
2081.6,2012.4
1954.6,2012.4
2208.6,2012.4
2081.6,2012.4
2208.6,2012.4
2586.42,1999.7
2678.5,2012.4
2589.6,2012.4
2780.1,2012.4
2678.5,2012.4
2881.7,2012.4
2780.1,2012.4
2957.9,2012.4
2881.7,2012.4
3088.07,2025.1
3246.82,2025.1
3288.1,2058.12
3351.6,2147.02
3056.32,2025.1
2962.13,2025.1
2881.7,2037.8
2957.9,2037.8
2780.1,2037.8
2881.7,2037.8
2678.5,2037.8
2780.1,2037.8
2589.6,2037.8
2678.5,2037.8
2081.6,2037.8
2208.6,2037.8
2208.6,2037.8
2081.6,2037.8
1821.25,2037.8
1954.6,2037.8
1954.6,2037.8
1726,2037.8
1821.25,2037.8
1618.05,2037.8
1726,2037.8
1618.05,2037.8
1281.5,2037.8
1472,2037.8
1472,2037.8
1281.5,2063.2
1472,2063.2
1472,2063.2
1618.05,2063.2
1618.05,2063.2
1726,2063.2
1821.25,2063.2
1726,2063.2
1954.6,2063.2
1821.25,2063.2
2081.6,2063.2
1954.6,2063.2
2208.6,2063.2
2081.6,2063.2
2208.6,2063.2
3664.02,2025.1
3846.9,2025.1
3859.6,2031.45
3923.1,2084.37
3088.07,2025.1
3056.33,2025.1
2583.25,2063.2
2500.7,2063.2
2377.33,2063.2
2384.59,2037.8
2395.47,2012.4
2409.37,1988.08
2411.8,1987
2416.03,1987
2437.2,1999.7
2373.7,2088.6
2208.6,2088.6
2208.6,2088.6
1954.6,2088.6
2081.6,2088.6
2081.6,2088.6
1954.6,2088.6
1726,2088.6
1821.25,2088.6
1821.25,2088.6
1618.05,2088.6
1726,2088.6
1618.05,2088.6
1278.68,2088.6
1278.68,2088.6
1472,2088.6
1472,2088.6
1281.5,2114
1472,2114
1472,2114
1618.05,2114
1618.05,2114
1726,2114
1821.25,2114
1726,2114
1954.6,2114
1821.25,2114
2081.6,2114
1954.6,2114
2208.6,2114
2081.6,2114
2208.6,2114
2500.7,2114
2373.7,2114
2373.7,2114
2500.7,2114
2595.95,2088.6
2678.5,2088.6
2589.6,2114
2780.1,2088.6
2678.5,2088.6
2957.9,2164.8
3015.05,2107.65
3116.65,2082.25
3360.84,2163.65
3097.6,2107.65
3935.8,2101.3
3707.2,2101.3
3542.1,2051.91
3605.6,2037.8
3648.78,2037.8
3656.4,2050.5
3374.91,2181.24
3415.1,2136.58
3478.6,2087.19
2678.5,2139.4
2810.58,2139.4
2678.5,2139.4
2500.7,2139.4
2589.6,2139.4
2589.6,2139.4
2373.7,2139.4
2500.7,2139.4
2373.7,2139.4
2208.6,2139.4
2208.6,2139.4
1954.6,2139.4
2081.6,2139.4
2081.6,2139.4
1954.6,2139.4
1726,2139.4
1821.25,2139.4
1821.25,2139.4
1618.05,2139.4
1726,2139.4
1618.05,2139.4
1281.5,2139.4
1472,2139.4
1472,2139.4
1278.68,2164.8
1472,2164.8
1472,2164.8
1618.05,2164.8
1821.25,2164.8
1954.6,2164.8
2081.6,2164.8
1954.6,2164.8
2208.6,2164.8
2081.6,2164.8
2208.6,2164.8
2500.7,2164.8
2373.7,2164.8
2373.7,2164.8
2589.6,2164.8
2500.7,2164.8
2678.5,2164.8
2589.6,2164.8
2678.5,2164.8
2830.9,2164.8
2678.5,2190.2
2856.3,2190.2
2881.7,2211.37
2589.6,2190.2
2678.5,2190.2
2500.7,2190.2
2589.6,2190.2
2373.7,2190.2
2500.7,2190.2
2208.6,2190.2
2373.7,2190.2
2081.6,2190.2
2208.6,2190.2
1954.6,2190.2
2081.6,2190.2
1815.61,2190.2
1954.6,2190.2
1472,2190.2
1622.67,2190.2
1268.8,2202.9
1273.03,2190.2
1472,2190.2
1273.03,2215.6
1472,2215.6
1472,2215.6
1631.9,2215.6
1804.32,2215.6
1954.6,2215.6
1954.6,2215.6
2081.6,2215.6
2081.6,2215.6
2373.7,2215.6
2208.6,2215.6
2208.6,2215.6
2500.7,2215.6
2373.7,2215.6
2500.7,2215.6
2589.6,2215.6
2589.6,2215.6
2678.5,2215.6
2678.5,2215.6
2884.88,2215.6
3736.83,2190.2
4024.7,2190.2
3374.46,2190.2
3097.6,2190.2
3097.6,2190.2
2895.36,2227.58
2945.2,2190.2
2678.5,2241
2894.4,2241
2589.6,2241
2678.5,2241
2500.7,2241
2589.6,2241
2373.7,2241
2500.7,2241
2208.6,2241
2373.7,2241
2081.6,2241
2208.6,2241
1954.6,2241
2081.6,2241
1954.6,2241
1472,2241
1278.68,2241
1472,2241
1281.5,2266.4
1472,2266.4
1472,2266.4
1954.6,2266.4
1954.6,2266.4
2081.6,2266.4
2081.6,2266.4
2373.7,2266.4
2208.6,2266.4
2208.6,2266.4
2500.7,2266.4
2373.7,2266.4
2500.7,2266.4
2589.6,2266.4
2589.6,2266.4
2894.4,2266.4
2678.5,2266.4
2678.5,2266.4
3656.4,2213.06
3389.7,2266.4
3702.97,2215.6
3669.1,2215.6
2678.5,2291.8
2896.21,2291.8
2589.6,2291.8
2678.5,2291.8
2500.7,2291.8
2589.6,2291.8
2373.7,2291.8
2500.7,2291.8
2208.6,2291.8
2373.7,2291.8
2081.6,2291.8
2208.6,2291.8
1954.6,2291.8
2081.6,2291.8
1954.6,2291.8
1814.9,2291.8
1726,2225.65
1793.84,2231.31
1799.66,2241
1809.82,2266.4
1616.78,2266.4
1626.94,2241
1636.8,2224.57
1713.3,2230.95
1472,2291.8
1611.7,2291.8
1281.5,2291.8
1472,2291.8
1472,2317.2
1472,2317.2
1611.7,2317.2
1611.7,2317.2
1713.3,2317.2
1814.9,2317.2
1713.3,2317.2
1954.6,2317.2
1814.9,2317.2
2081.6,2317.2
1954.6,2317.2
2208.6,2317.2
2081.6,2317.2
2208.6,2317.2
2500.7,2317.2
2373.7,2317.2
2373.7,2317.2
2589.6,2317.2
2500.7,2317.2
2678.5,2317.2
2589.6,2317.2
2899.84,2317.2
2678.5,2317.2
3732.6,2304.5
4210.44,2304.5
3669.1,2368
2373.7,2342.6
2208.6,2342.6
2208.6,2342.6
1954.6,2342.6
2081.6,2342.6
2081.6,2342.6
1954.6,2342.6
1713.3,2342.6
1814.9,2342.6
1814.9,2342.6
1713.3,2342.6
1611.7,2342.6
1611.7,2342.6
1472,2342.6
1472,2342.6
1472,2368
1472,2368
1611.7,2368
1611.7,2368
1713.3,2368
1814.9,2368
1713.3,2368
1954.6,2368
1814.9,2368
2081.6,2368
1954.6,2368
2208.6,2368
2081.6,2368
2208.6,2368
2377.33,2368
2384.59,2393.4
2208.6,2393.4
2208.6,2393.4
1954.6,2393.4
2081.6,2393.4
2081.6,2393.4
1954.6,2393.4
1713.3,2393.4
1814.9,2393.4
1814.9,2393.4
1713.3,2393.4
1611.7,2393.4
1611.7,2393.4
1472,2393.4
1472,2393.4
1354.53,2393.4
1224.88,2431.5
1272.5,2317.2
1279.53,2309.54
1291.02,2317.2
1320.66,2342.6
1341.82,2368
1358.76,2418.8
1472,2418.8
1472,2418.8
1611.7,2418.8
1611.7,2418.8
1713.3,2418.8
1814.9,2418.8
1713.3,2418.8
1954.6,2418.8
1814.9,2418.8
2081.6,2418.8
1954.6,2418.8
2208.6,2418.8
2081.6,2418.8
2208.6,2418.8
2395.47,2418.8
2589.6,2380.7
2678.5,2380.7
2913.45,2380.7
2678.5,2380.7
3640.53,2406.1
4426.34,2406.1
2678.5,2444.2
2500.7,2464.52
2526.1,2444.2
2678.5,2444.2
2409.99,2444.2
2208.6,2444.2
2081.6,2444.2
2208.6,2444.2
1954.6,2444.2
2081.6,2444.2
1814.9,2444.2
1954.6,2444.2
1713.3,2444.2
1814.9,2444.2
1611.7,2444.2
1713.3,2444.2
1472,2444.2
1611.7,2444.2
1354.53,2444.2
1472,2444.2
1354.52,2444.2
1247.21,2503.89
1232.29,2444.2
1358.76,2469.6
1472,2469.6
1472,2469.6
1713.3,2469.6
1611.7,2469.6
1611.7,2469.6
1713.3,2469.6
1954.6,2469.6
1814.9,2469.6
1814.9,2469.6
1954.6,2469.6
2081.6,2469.6
2081.6,2469.6
2208.6,2469.6
2208.6,2469.6
2428.13,2469.6
2497.07,2469.6
2678.5,2469.6
2678.5,2469.6
2461.62,2508.68
2475.3,2495
2678.5,2495
2678.5,2495
4626.36,2482.3
2678.5,2520.4
2460.79,2520.4
2678.5,2520.4
2457.16,2545.8
2678.5,2545.8
2678.5,2545.8
2678.5,2571.2
2678.5,2571.2
3602.14,2428.04
3656.4,2482.3
3382.87,2409.76
3656.4,2482.3
2678.5,2596.6
2678.5,2596.6
3745.3,2571.2
2797.03,2596.6
2805.5,2571.2
2818.2,2545.8
2835.13,2520.4
2856.3,2495
2881.7,2469.6
2911.33,2444.2
2935.96,2425.73
3097.6,2511.93
2678.5,2622
2792.8,2622
2678.5,2622
2208.6,2558.5
2081.6,2558.5
2208.6,2558.5
2081.6,2558.5
1954.6,2558.5
1954.6,2558.5
1814.9,2545.8
1840.3,2558.5
1611.7,2550.03
1713.3,2566.97
1726,2575.43
1599,2558.5
1335.19,2562.54
1343.94,2558.5
1472,2558.5
1472,2558.5
1472,2647.4
1472,2647.4
1599,2647.4
1599,2647.4
1726,2647.4
1726,2647.4
1840.3,2647.4
1954.6,2647.4
1840.3,2647.4
1954.6,2647.4
2081.6,2647.4
2081.6,2647.4
2208.6,2647.4
2208.6,2647.4
2792.8,2647.4
2678.5,2647.4
2678.5,2647.4
2208.6,2672.8
2081.6,2672.8
2208.6,2672.8
1954.6,2672.8
2081.6,2672.8
1840.3,2672.8
1954.6,2672.8
1726,2672.8
1840.3,2672.8
1726,2672.8
1472,2672.8
1599,2672.8
1599,2672.8
1472,2672.8
1205.3,2634.7
1311.13,2634.7
1315.37,2647.4
1319.6,2672.8
1258.41,2790.56
1171.43,2660.1
1319.6,2698.2
1472,2698.2
1472,2698.2
1599,2698.2
1599,2698.2
1726,2698.2
1726,2698.2
1840.3,2698.2
1954.6,2698.2
1840.3,2698.2
2081.6,2698.2
1954.6,2698.2
2208.6,2698.2
2081.6,2698.2
2208.6,2698.2
3656.4,2644.86
3694.5,2647.4
3669.1,2647.4
2799.15,2685.5
2526.1,2622
2551.5,2647.4
2377.33,2698.2
2384.59,2672.8
2395.47,2647.4
2446.27,2558.5
2455.88,2551.78
2475.3,2571.2
2497.07,2596.6
2500.7,2601.68
2373.7,2723.6
2208.6,2723.6
2208.6,2723.6
1954.6,2723.6
2081.6,2723.6
2081.6,2723.6
1840.3,2723.6
1954.6,2723.6
1840.3,2723.6
1726,2723.6
1726,2723.6
1599,2723.6
1599,2723.6
1315.37,2723.6
1472,2723.6
1472,2723.6
1306.9,2749
1472,2749
1472,2749
1599,2749
1599,2749
1840.3,2749
1726,2749
1726,2749
1954.6,2749
1840.3,2749
2081.6,2749
1954.6,2749
2208.6,2749
2081.6,2749
2208.6,2749
2500.7,2749
2373.7,2749
2373.7,2749
2500.7,2749
2780.1,2723.6
2608.65,2723.6
2678.5,2723.6
2678.5,2723.6
2595.95,2749
2500.7,2774.4
2589.6,2774.4
2373.7,2774.4
2500.7,2774.4
2373.7,2774.4
2208.6,2774.4
2208.6,2774.4
1954.6,2774.4
2081.6,2774.4
2081.6,2774.4
1840.3,2774.4
1954.6,2774.4
1840.3,2774.4
1726,2774.4
1726,2774.4
1599,2774.4
1599,2774.4
1294.2,2774.4
1472,2774.4
1472,2774.4
1472,2799.8
1472,2799.8
1599,2799.8
1599,2799.8
1840.3,2799.8
1726,2799.8
1726,2799.8
1954.6,2799.8
1840.3,2799.8
2081.6,2799.8
1954.6,2799.8
2208.6,2799.8
2081.6,2799.8
2208.6,2799.8
2500.7,2799.8
2373.7,2799.8
2373.7,2799.8
2589.6,2799.8
2500.7,2799.8
2678.5,2799.8
2589.6,2799.8
2678.5,2799.8
3494.12,2677.32
3131.69,2685.5
3181.28,2567.72
3313.94,2515.81
3402.4,2613.11
2678.5,2825.2
2589.6,2825.2
2678.5,2825.2
2500.7,2825.2
2589.6,2825.2
2373.7,2825.2
2500.7,2825.2
2208.6,2825.2
2373.7,2825.2
2081.6,2825.2
2208.6,2825.2
1954.6,2825.2
2081.6,2825.2
1840.3,2825.2
1954.6,2825.2
1726,2825.2
1840.3,2825.2
1726,2825.2
1472,2825.2
1599,2825.2
1599,2825.2
1472,2825.2
1472,2850.6
1472,2850.6
1599,2850.6
1726,2850.6
1599,2850.6
1840.3,2850.6
1726,2850.6
1954.6,2850.6
1840.3,2850.6
1954.6,2850.6
2081.6,2850.6
2081.6,2850.6
2373.7,2850.6
2208.6,2850.6
2208.6,2850.6
2500.7,2850.6
2373.7,2850.6
2500.7,2850.6
2589.6,2850.6
2589.6,2850.6
2678.5,2850.6
2678.5,2850.6
3104.95,2812.5
2773.75,2850.6
2786.45,2825.2
2805.5,2799.8
2805.5,2799.8
2843.6,2812.5
2678.5,2876
2767.4,2876
2589.6,2876
2678.5,2876
2500.7,2876
2589.6,2876
2373.7,2876
2500.7,2876
2208.6,2876
2373.7,2876
2081.6,2876
2208.6,2876
1954.6,2876
2081.6,2876
1840.3,2876
1954.6,2876
1726,2876
1840.3,2876
1726,2876
1472,2876
1599,2876
1599,2876
1472,2876
1320.66,2825.2
1341.83,2850.6
1354.53,2876
1283.86,2789.91
1294.99,2799.8
1306.9,2813.41
1306.9,2989.39
1293.14,2977.6
1241.81,2901.4
1269.18,2791.91
1281.5,2790.46
1281.5,2963.63
1267.21,2952.2
1248.16,2926.8
1358.76,2901.4
1472,2901.4
1472,2901.4
1599,2901.4
1726,2901.4
1599,2901.4
1840.3,2901.4
1726,2901.4
1954.6,2901.4
1840.3,2901.4
1954.6,2901.4
2081.6,2901.4
2081.6,2901.4
2373.7,2901.4
2208.6,2901.4
2208.6,2901.4
2500.7,2901.4
2373.7,2901.4
2500.7,2901.4
2589.6,2901.4
2589.6,2901.4
2767.4,2901.4
2678.5,2901.4
2678.5,2901.4
2678.5,2926.8
2773.75,2926.8
2589.6,2926.8
2678.5,2926.8
2500.7,2926.8
2589.6,2926.8
2373.7,2926.8
2500.7,2926.8
2208.6,2926.8
2373.7,2926.8
2081.6,2926.8
2208.6,2926.8
1954.6,2926.8
2081.6,2926.8
1840.3,2926.8
1954.6,2926.8
1726,2926.8
1840.3,2926.8
1726,2926.8
1472,2926.8
1599,2926.8
1599,2926.8
1354.52,2926.8
1472,2926.8
1317.79,3028.4
1310.53,3003
1308.91,2991.69
1341.82,2952.2
1328.67,3053.8
1472,2952.2
1472,2952.2
1599,2952.2
1599,2952.2
1840.3,2952.2
1726,2952.2
1726,2952.2
1954.6,2952.2
1840.3,2952.2
2081.6,2952.2
1954.6,2952.2
2208.6,2952.2
2081.6,2952.2
2208.6,2952.2
2500.7,2952.2
2373.7,6711.38
2373.7,2952.2
2373.7,2952.2
2589.6,2952.2
2500.7,2952.2
2678.5,2952.2
2589.6,2952.2
2678.5,2952.2
3402.4,2901.4
3402.4,2901.4
2843.6,2939.5
2843.6,2939.5
1901.25,13325.6
2500.7,4933.39
2589.6,3955.49
2678.5,3333.2
2773.75,2952.2
2780.1,2939.5
3548.45,2901.4
3567.5,2890.51
3592.9,2872.37
3607.96,2859.46
3618.3,2861.18
3643.7,2863.3
3669.1,2863.3
3669.1,2863.3
3694.5,2863.3
3719.9,2861.18
3745.3,2856.95
3770.7,2850.6
3796.1,2842.13
3821.5,2831.55
3858.93,2811.83
4761.3,2571.2
4837.9,2555.88
9191.49,2960.86
3846.9,2818.85
3497.65,3003
3402.4,2986.07
3427.8,3003
3364.3,3011.47
3081.72,2939.5
3110.3,2863.3
3211.9,2901.4
3300.8,2990.3
2399.1,14229.8
2843.6,4844.5
1599,3024.17
1726,3235.83
1840.3,3654.93
1954.6,4188.33
2081.6,5034.99
2208.6,6050.99
2373.7,7701.99
2884.53,21223.4
1472,2964.9
1497.4,2990.3
1497.4,4577.81
1348.46,3088.44
3122.55,6271.84
3300.8,4311.11
3364.3,3739.6
3427.8,3358.6
3507.18,3041.1
3592.9,3041.1
3567.5,6384.24
3567.5,3041.1
3567.5,3041.1
3592.9,6390.76
3592.9,3041.1
3618.3,6397.39
3618.3,3041.1
3618.3,3041.1
3669.1,3041.1
3643.7,6404.11
3643.7,3041.1
3643.7,3041.1
3669.1,6410.94
3669.1,3041.1
3719.9,3041.1
3694.5,6417.88
3694.5,3041.1
3694.5,3041.1
3719.9,6424.92
3719.9,3041.1
3745.3,6432.06
3745.3,3041.1
3745.3,3041.1
3796.1,3041.1
3770.7,6439.3
3770.7,3041.1
3770.7,3041.1
3796.1,6446.65
3796.1,3041.1
3846.9,3041.1
3821.5,6454.1
3821.5,3041.1
3821.5,3041.1
10054,3041.1
3846.9,6461.66
3846.9,3041.1
2473.7,887
2423.7,787
2373.7,587
2373.7,-2775.34
2523.7,887
2523.7,887
2523.7,-3203.94
2573.7,899.5
2561.2,887
2561.2,-3313.23
2586.2,887
2586.2,-3386.81
2623.7,899.5
2611.2,887
2611.2,-3461.1
2636.2,887
2636.2,-3536.1
2673.7,899.5
2661.2,887
2661.2,-3611.82
2686.2,887
2686.2,-3688.26
2723.7,899.5
2711.2,887
2711.2,-3765.41
2736.2,887
2736.2,-3843.27
2773.7,899.5
2761.2,887
2761.2,-3921.85
2786.2,887
2786.2,-4001.15
2823.7,899.5
2811.2,887
2811.2,-4081.15
2836.2,887
2836.2,-4161.88
2873.7,899.5
2861.2,887
2861.2,-4243.32
2886.2,887
2886.2,-4325.47
2923.7,899.5
2911.2,887
2911.2,-4408.34
2936.2,887
2936.2,-4491.92
2973.7,899.5
2961.2,887
2961.2,-4576.21
2986.2,887
2986.2,-4661.23
3023.7,899.5
3011.2,887
3011.2,-4746.95
3036.2,887
3036.2,-4833.39
3073.7,899.5
3061.2,887
3061.2,-4920.55
3086.2,887
3086.2,-5008.42
3123.7,899.5
3111.2,887
3111.2,-5097
3136.2,887
3136.2,-5186.3
3173.7,899.5
3161.2,887
3161.2,-5276.32
3186.2,887
3186.2,-5367.05
3203.77,-5431.33
3223.7,899.5
3211.2,887
3211.2,-5458.49
3236.2,887
3236.2,-5550.65
3273.7,899.5
3261.2,887
3261.2,-5643.52
3286.2,887
3286.2,-5737.11
3323.7,899.5
3311.2,887
3311.2,-5831.41
3336.2,887
3336.2,-5926.43
3373.7,899.5
3361.2,887
3361.2,-6022.16
3386.2,887
3386.2,-6118.61
3423.7,899.5
3411.2,887
3411.2,-6215.77
3436.2,887
3436.2,-6313.64
3502.99,887
3567.5,679.604
3592.9,578.388
3618.3,457.623
3643.7,317.307
3669.1,157.441
3694.5,-21.9754
3719.9,-220.942
3745.3,-439.46
3770.7,-677.526
3796.1,-935.144
3821.5,-1212.31
3846.9,-1509.03
4601.99,-10911.1
7376,906.528
7158.43,932.9
3923.1,1350.36
3859.6,1352.41
3821.5,932.9
3846.9,932.9
3846.9,932.9
3846.9,1352
3821.5,932.9
3821.5,1352
3796.1,1352.82
3770.7,932.9
3796.1,932.9
3796.1,932.9
3796.1,1352.82
3745.3,932.9
3770.7,932.9
3770.7,1352
3745.3,932.9
3745.3,1352
3732.6,1352.41
3694.5,932.9
3719.9,932.9
3719.9,932.9
3719.9,1352
3694.5,932.9
3694.5,1352
3669.1,1352.82
3643.7,932.9
3669.1,932.9
3669.1,932.9
3669.1,1352.82
3618.3,932.9
3643.7,932.9
3643.7,1352
3618.3,932.9
3618.3,1352
3605.6,1352.41
3567.5,932.9
3592.9,932.9
3592.9,932.9
3592.9,1352
3499.53,932.9
3567.5,932.9
3567.5,1352
3542.1,1352.82
3478.6,1348.72
3415.1,1340.53
3390.78,1335.04
3398.7,1292.62
3484.4,960.202
