fitness : 670888
selection pressure : 3
crossover parameter : 0.7
mutation parameter : 0.2
population : 100
elite proportion : 1000
generation : 0.2
time : 459.027
1171
707
694
857
738
639
641
561
498
743
591
592
595
604
605
599
647
725
692
775
1265
336
339
344
358
362
476
688
671
680
1290
1288
382
419
579
714
912
740
867
854
852
1096
1153
751
710
0
702
797
823
879
807
886
729
1249
762
627
631
675
678
1277
1250
1232
634
352
359
360
448
518
513
833
952
1188
1206
1092
1091
1219
720
930
1088
1109
1021
1260
1285
354
1253
571
594
911
637
684
713
890
1064
1145
1137
818
1006
1005
658
652
700
588
697
1079
140
182
204
257
1181
1175
1072
1033
304
267
409
842
803
1289
350
297
736
574
621
580
576
585
122
121
115
111
126
609
642
544
572
885
542
525
558
512
802
120
566
146
118
105
113
91
97
90
84
104
102
100
71
65
56
35
40
38
24
131
133
261
303
369
486
562
648
763
703
699
614
754
822
851
941
918
944
876
1149
748
844
705
545
452
488
760
782
755
761
730
640
450
402
568
464
455
447
401
399
367
739
794
894
983
896
657
920
973
992
1225
861
1279
632
764
788
1069
829
899
945
999
954
1087
1156
1150
1041
825
661
691
1227
776
772
719
722
728
924
792
793
560
696
479
429
420
395
1242
323
273
483
593
943
136
112
108
106
103
99
92
110
85
61
18
157
181
209
208
206
799
235
248
252
258
218
222
259
230
1212
236
251
242
233
239
241
247
249
1178
1102
1104
734
1262
1017
1028
234
207
137
95
123
93
88
82
73
96
66
41
46
76
79
4
6
10
11
12
25
107
124
153
940
1059
171
190
185
186
1179
1071
1118
1132
948
1085
1108
1082
1148
980
504
260
291
1230
334
335
333
322
1235
1252
1237
581
834
966
984
900
578
573
1273
343
1287
625
1240
332
1272
342
1268
491
933
932
990
780
618
615
584
839
949
1042
848
875
898
1075
1180
877
1004
1057
1152
1176
917
893
853
1074
184
166
245
211
214
240
238
747
1002
198
183
1099
227
231
1103
225
220
197
194
196
178
167
142
155
246
165
188
1007
1095
219
243
229
228
254
237
873
947
979
1194
1029
951
832
858
958
987
1147
1030
517
686
781
811
809
1248
812
1062
957
1083
1093
1131
1031
1034
1107
1197
1218
922
843
831
821
800
612
915
1009
1015
1136
1086
929
1142
975
1058
1117
903
882
1027
1280
891
744
904
887
783
712
759
596
570
543
934
515
500
487
506
1236
490
628
443
538
480
430
505
293
295
366
378
616
380
299
302
310
316
400
501
386
368
315
387
393
649
349
769
1048
1011
1018
1216
1192
902
1008
1221
1022
1267
1193
950
989
1019
756
598
492
1247
1251
489
689
872
482
403
262
265
263
320
287
288
294
424
1257
767
466
563
502
536
529
939
582
477
693
750
820
855
935
923
878
1119
982
914
1045
881
685
659
749
651
695
656
698
847
962
666
706
709
690
602
619
931
617
346
417
365
363
307
289
569
583
805
296
308
284
280
440
416
279
292
305
277
274
269
264
298
271
80
83
39
42
44
49
50
52
59
63
67
53
15
20
9
54
89
98
134
162
200
202
212
1100
1101
224
216
223
946
868
314
607
611
75
32
86
125
101
159
176
187
959
830
203
1154
221
255
213
244
1126
1157
1063
996
985
986
1166
673
681
635
638
548
516
798
742
534
610
524
541
527
514
953
554
481
458
511
433
69
62
57
58
31
29
28
27
26
22
16
14
373
374
392
438
530
589
613
567
608
586
1182
174
177
148
138
94
119
128
132
168
815
180
169
191
163
164
210
1056
201
1177
199
192
193
217
1013
253
250
226
256
205
232
215
173
1037
507
444
283
309
276
281
1239
329
338
510
532
874
559
1282
475
553
427
428
432
826
963
960
824
1144
870
827
1055
1164
1173
1043
1127
845
737
663
790
664
804
956
1151
1097
1184
1084
1130
1078
1039
795
653
897
745
149
967
981
154
158
147
141
172
655
144
145
846
160
1161
758
347
337
345
1269
727
865
908
1110
925
1116
1120
1143
1090
1169
1094
1123
1106
1172
1139
1208
1016
926
1053
1081
1165
1047
1210
669
718
674
629
645
325
384
1256
1274
1089
1203
863
850
774
997
1035
913
708
670
668
1185
937
998
533
535
509
537
460
390
434
441
391
376
268
301
439
437
109
81
74
1
2
3
5
7
8
43
127
129
130
135
1001
175
170
1128
156
152
139
150
161
976
701
660
151
995
969
1032
1199
814
633
1276
717
732
787
813
1223
565
272
499
470
556
603
564
654
587
1076
972
837
726
771
784
1138
723
786
687
1010
916
938
1080
1050
817
836
683
546
555
597
449
451
473
385
355
423
493
624
1281
600
494
318
396
662
806
665
523
526
1238
601
676
497
520
519
643
650
704
988
1073
864
860
1020
1258
1255
1220
1113
1112
1140
1209
835
1226
841
1196
905
779
757
622
889
884
1243
1241
1244
1266
778
721
715
816
880
810
789
866
1233
547
1278
496
495
425
552
1229
711
623
539
1133
1204
644
557
531
415
404
375
379
463
462
410
389
116
746
87
60
36
195
189
407
317
733
682
667
1275
768
422
331
351
1036
47
64
179
143
77
78
51
33
70
37
34
30
21
23
19
17
412
414
306
311
290
472
413
503
590
436
457
435
411
406
300
270
13
55
68
45
48
72
114
1061
1054
1077
942
978
977
1183
1014
1189
1023
1200
1198
1190
1114
1163
1025
1186
1201
1026
862
859
741
840
735
575
964
895
801
540
465
461
371
312
394
278
1231
319
467
753
791
856
910
888
1012
955
1141
883
1049
871
921
550
551
1111
919
838
1286
770
773
679
672
626
1228
766
991
1284
777
1205
1264
677
1167
1068
1052
1070
1170
1134
1162
1135
1158
1159
1124
1168
1046
1038
968
892
731
808
1129
901
970
1122
1105
1003
1098
974
1051
1155
965
1160
1125
1044
1024
961
869
752
819
1146
478
484
508
468
456
528
454
117
266
377
275
282
286
313
364
421
426
285
372
431
549
418
397
383
370
324
330
1283
630
1261
1065
906
1115
1187
936
849
1234
1271
1254
1246
326
361
459
381
388
405
398
453
445
408
442
469
485
796
828
606
646
620
636
765
446
577
521
474
522
471
321
1259
327
328
341
357
1270
340
348
1263
1195
1211
1215
1217
927
1066
1202
1224
1207
928
909
993
994
1040
1060
1121
1067
1174
1213
1000
353
1245
356
724
785
716
1222
1214
1191
907
971
