fitness : 70746.4
selection pressure : 3
crossover parameter : 0.7
mutation parameter : 0.2
population : 100
elite proportion : 1000
generation : 0.2
time : 398.196
1290
338
1258
1257
346
337
1256
1255
347
336
1254
1253
348
335
1252
1251
349
334
1250
1249
350
333
1248
1247
332
351
1246
1245
352
331
1227
360
385
361
384
362
383
363
382
395
396
397
421
426
449
450
473
474
475
489
488
476
398
420
427
448
451
472
477
399
419
428
447
452
471
478
418
429
446
453
470
479
480
469
454
445
430
417
416
431
444
455
468
481
456
467
482
498
500
511
512
513
514
515
516
517
518
551
550
549
548
492
493
494
495
490
425
422
423
424
491
496
497
519
520
547
552
577
578
601
602
603
620
619
618
617
604
605
616
648
661
693
706
739
752
793
806
820
833
840
853
869
880
891
900
914
923
936
949
957
970
973
987
995
1009
819
834
839
854
868
881
890
901
913
924
935
950
956
971
972
988
994
1010
1030
1045
1048
1064
1070
1085
1092
1107
1118
1133
1144
1162
1171
1186
1031
1032
1043
1050
1062
1072
1083
1094
1105
1120
1131
1146
1160
1173
1184
1185
1172
1161
1145
1132
1119
1106
1093
1084
1071
1063
1049
1044
1008
996
986
974
969
958
948
937
922
915
899
892
879
870
852
841
832
821
805
794
751
740
705
694
660
649
750
741
704
695
659
650
614
615
753
738
707
692
662
647
807
792
754
737
708
691
663
646
755
736
709
690
664
645
756
735
710
689
665
644
838
855
867
882
889
902
912
925
934
951
856
866
883
888
903
911
926
933
952
837
808
1188
1169
1164
1142
1135
1116
1109
1189
1168
1165
1141
1136
1115
1110
1190
1167
1166
1194
1193
1138
1139
1140
1137
1114
1111
1088
1089
1090
1087
1187
1170
1163
1143
1134
1117
1108
1091
1086
1069
1068
1046
1029
1025
1020
1018
1017
1013
1011
993
1047
1067
1027
1028
1024
1021
1019
1016
1014
1012
992
990
989
953
932
927
910
904
887
884
865
857
818
809
791
954
931
928
909
905
886
885
864
858
817
810
790
784
783
782
757
734
711
688
666
643
758
733
712
687
667
642
759
814
787
815
812
788
779
816
811
789
780
761
760
762
763
730
781
908
907
836
859
860
813
786
765
764
729
683
728
682
767
766
727
681
726
680
769
768
725
679
724
678
771
770
723
677
722
676
773
772
721
675
720
674
906
930
929
955
991
1015
1023
1022
1026
1066
1065
1112
1113
1191
1210
1209
1208
1192
1214
1195
1196
1197
1198
1199
1200
1201
1202
1203
1204
1205
1206
1207
1215
1216
1217
1218
1219
1220
1221
1222
1223
1224
1225
1226
1211
863
862
861
835
785
775
774
719
673
718
672
778
777
776
717
671
716
670
715
669
624
625
626
627
628
629
630
631
632
633
634
635
636
637
638
639
684
714
640
685
731
732
713
686
668
641
623
622
621
600
579
576
553
546
521
599
580
575
554
545
522
598
581
574
555
544
523
597
582
573
556
543
524
596
583
572
557
542
525
595
584
571
558
541
526
594
585
570
559
540
527
560
539
528
414
433
442
457
466
483
499
501
510
529
538
561
749
742
703
696
658
651
613
1004
1000
982
978
965
962
944
946
960
967
976
984
998
1006
945
961
966
977
983
999
1005
1183
1174
1159
1147
1130
1121
1104
1095
1082
1073
1061
1051
1042
1182
1175
1158
1148
1129
1122
1103
1096
1081
1074
1060
1052
1041
1034
1033
1007
997
985
975
968
959
947
872
850
843
830
823
803
873
849
844
829
824
802
797
796
795
804
822
831
842
851
871
878
893
898
916
921
938
939
940
941
920
917
897
894
877
874
848
845
828
825
801
798
748
743
702
697
657
652
612
747
744
701
698
656
653
611
1003
1001
981
259
252
251
244
242
235
243
234
233
258
253
250
245
241
236
232
257
254
249
246
240
237
231
1181
1176
1157
1149
1128
1123
1102
1097
1080
1075
1059
1053
1040
1035
1036
1039
1054
1058
1076
1079
1098
1101
1124
1127
1150
1156
1177
1180
1212
1213
1179
1178
1155
1037
1038
1055
1057
1077
1078
1099
1100
1125
1126
1151
1152
1153
1154
256
255
248
247
239
238
230
229
228
227
226
225
224
223
222
221
220
219
218
217
216
215
214
213
212
1056
183
182
155
156
157
158
159
160
161
162
163
164
165
166
167
168
169
170
171
172
173
174
175
176
177
178
179
180
181
184
185
186
187
188
189
190
191
192
193
194
195
196
197
198
199
200
201
202
203
204
205
206
207
208
209
210
211
1002
980
979
964
963
943
942
919
918
896
895
876
875
847
846
827
826
800
799
746
745
700
699
655
654
610
609
608
607
606
593
586
569
562
537
530
509
592
587
568
563
536
531
508
503
502
484
465
458
441
434
413
485
464
459
440
435
412
591
588
567
564
535
532
507
590
589
566
565
534
533
506
505
504
486
463
460
439
436
411
487
462
461
438
437
410
409
389
408
390
388
407
406
391
392
405
404
443
432
415
403
402
401
400
393
394
387
364
316
296
295
294
293
292
291
290
289
288
287
286
285
284
283
282
281
280
279
278
277
276
275
274
273
272
271
270
269
268
267
266
265
264
263
262
261
260
298
14
13
12
11
10
9
0
1
2
3
4
5
6
7
8
15
16
17
18
19
20
21
22
23
24
25
26
27
28
29
30
31
32
33
34
35
36
37
38
39
40
41
42
43
44
45
46
47
48
49
50
51
52
53
54
55
56
57
58
59
60
61
62
63
64
65
66
67
68
69
70
71
72
73
74
75
76
77
78
79
80
81
82
83
84
85
86
87
88
89
90
91
92
93
94
95
96
97
98
99
100
101
102
103
104
105
106
107
108
109
110
111
112
113
114
115
116
117
118
119
120
121
122
123
124
125
126
127
128
129
130
131
132
133
134
135
136
137
138
139
140
141
142
143
144
145
146
147
148
149
150
151
152
153
154
299
381
300
380
301
379
302
378
303
377
304
376
305
375
306
374
307
373
308
372
309
371
310
370
311
369
312
368
313
367
314
366
315
365
297
317
318
319
320
321
322
323
1228
1229
1230
324
359
1231
1232
325
358
1233
1234
326
357
386
1235
1236
327
356
1237
1238
328
355
1239
1240
329
354
1241
353
330
1242
1243
1244
345
1259
1260
339
344
1261
1262
340
343
1263
1264
341
342
1265
1266
1267
1268
1269
1270
1271
1272
1273
1274
1275
1276
1277
1278
1279
1280
1281
1282
1283
1284
1285
1286
1287
1288
1289
