fitness : 715495
selection pressure : 3
crossover parameter : 0.7
mutation parameter : 0.2
population : 100
elite proportion : 1000
generation : 0.2
time : 455.007
40
45
57
54
746
888
794
820
736
284
316
318
321
313
306
288
286
310
425
635
679
1027
989
1031
1089
1022
674
1237
735
448
277
281
290
292
565
655
919
1129
1035
1112
1251
342
681
323
471
689
596
869
619
546
741
924
1207
718
861
726
765
773
1278
684
618
620
524
500
480
789
1064
972
1012
913
472
477
550
601
683
1113
1222
1078
997
953
691
751
688
605
898
798
852
878
926
694
634
441
463
404
375
397
723
1086
727
1197
1219
353
343
341
1247
1280
1230
1253
1208
575
584
847
436
528
512
513
539
1194
1266
1268
725
677
771
1107
1050
941
89
90
105
100
110
154
101
55
62
65
53
61
48
50
85
87
102
109
108
135
136
137
304
324
994
586
159
113
99
106
46
43
36
96
32
30
28
86
537
532
389
381
369
308
280
459
542
510
749
498
851
750
708
737
855
917
178
164
170
161
184
141
165
103
73
67
64
38
25
20
438
31
35
37
18
268
378
299
444
301
411
409
303
302
434
465
261
1
7
9
4
3
0
142
155
145
148
150
191
228
1102
1100
1075
1105
962
1186
1147
918
1066
626
574
644
676
632
717
578
592
1158
1054
1000
938
1162
1005
1043
936
857
582
692
483
570
805
431
511
661
828
473
468
394
475
540
294
525
838
522
356
478
489
1003
796
614
651
993
1008
931
933
1224
1085
1018
1155
916
552
487
541
643
854
930
1288
1196
1168
1225
1109
1142
1044
973
974
1104
1127
577
987
963
897
979
909
1165
848
977
980
799
995
1166
923
893
831
780
629
358
363
384
558
396
423
420
433
414
486
435
456
415
568
421
442
591
744
1135
1037
1053
1060
1070
797
877
1154
896
76
116
139
130
126
144
147
149
169
174
167
162
187
168
999
188
219
226
230
244
243
254
255
1179
212
1056
870
958
983
992
812
887
1115
1169
1019
709
690
665
519
417
455
560
579
572
1285
476
493
573
1126
1210
911
515
428
479
576
543
559
555
529
453
497
492
716
778
1276
424
326
386
520
1241
1277
338
1258
1260
1250
333
351
481
376
393
418
298
377
311
287
312
391
499
439
460
530
504
508
615
764
1026
813
669
1136
517
554
710
597
921
1110
1209
754
951
1111
1187
1213
853
844
593
272
267
416
408
390
196
193
207
233
251
216
1163
753
879
121
129
133
143
171
146
158
648
792
253
205
166
1052
856
451
646
636
627
1231
1235
1156
1178
1073
1007
1024
1143
1202
422
449
399
443
748
760
671
776
624
772
1274
545
307
309
380
458
752
937
899
1045
1010
1193
1006
978
946
825
609
407
412
388
264
274
535
873
547
561
562
871
793
822
823
830
1039
970
867
834
947
1150
1106
1122
1063
1191
1214
702
1125
984
842
1058
996
1083
1069
704
1082
1184
1188
1164
811
680
637
667
625
1257
1255
1233
1232
1227
1242
1275
1283
1141
488
354
720
860
866
711
695
653
697
892
829
156
119
115
114
82
93
72
74
104
79
78
457
47
42
2
26
21
23
51
502
509
612
658
659
722
763
686
1282
881
791
687
816
1029
864
912
949
1153
1081
1272
1248
1249
1256
1239
516
682
1263
956
1021
1087
1047
1180
1059
1138
1121
985
1049
943
652
802
604
536
607
534
700
696
595
538
654
914
606
588
531
556
527
514
598
526
569
533
566
392
430
599
740
1175
1211
1097
1038
1103
1130
1134
1204
1041
1009
948
1182
1183
874
876
960
1074
968
904
885
902
839
1172
1132
1131
950
849
1079
1148
1090
928
1206
814
1023
713
662
739
903
952
858
581
1223
221
203
202
194
699
507
469
585
645
587
795
940
1048
990
945
745
801
967
238
217
247
252
257
250
1176
248
256
237
242
231
224
965
223
198
192
190
182
160
209
157
200
173
128
132
125
186
131
982
1093
1216
1114
1084
1094
840
92
63
77
84
88
112
183
214
222
227
1099
915
642
790
833
907
969
1171
1091
1057
1034
1145
1267
1286
340
335
1245
328
283
282
291
359
631
673
734
966
1160
1119
961
1140
837
1067
1198
1139
976
846
127
440
406
260
461
462
482
1190
491
332
347
712
743
800
826
827
698
664
1015
959
245
249
241
1071
211
210
824
988
843
215
901
845
865
806
693
1025
660
935
1133
1167
1123
1096
180
218
197
176
185
208
172
152
153
206
151
138
177
179
246
1124
1173
1185
1076
920
1033
1181
1149
1218
781
768
1273
766
894
886
731
908
714
1189
1062
657
474
452
429
427
557
454
385
368
370
1080
1128
1046
1028
1200
1205
1217
633
675
1261
628
1284
344
350
1243
1229
352
1270
1287
777
730
346
1238
495
339
336
1290
1254
349
553
383
426
329
1262
889
1118
925
707
621
1195
640
1017
1264
1271
721
991
1289
1279
1269
1265
1252
906
1032
868
602
685
650
747
567
485
656
701
738
882
784
971
1226
986
1088
1108
1116
1065
1201
1203
1212
1036
1157
1144
1092
1151
1061
1016
1281
1192
1014
1221
785
761
779
670
809
678
630
955
774
1259
757
647
770
883
758
815
862
1051
1098
1001
1055
832
663
649
600
523
981
95
94
71
66
59
58
49
33
262
15
8
6
5
29
10
52
70
60
80
107
134
140
204
942
900
891
1002
895
1152
1146
1161
954
1095
1042
875
1004
1159
1013
1137
551
494
401
641
668
715
719
724
1215
1220
817
884
1011
1030
975
964
944
199
234
213
236
1101
998
239
258
240
1174
232
220
201
175
12
17
44
11
16
13
14
374
27
39
41
68
91
163
195
189
229
259
225
1177
235
1072
276
263
269
275
279
296
297
317
331
319
293
278
402
544
419
733
783
927
706
742
437
610
97
81
75
563
56
69
83
98
124
118
117
120
266
273
315
1236
330
1246
357
362
360
361
395
490
548
450
387
382
445
367
410
365
571
613
590
703
841
1120
1040
807
470
583
580
447
1234
564
484
289
19
24
22
34
265
505
506
589
622
518
295
398
364
314
366
705
373
270
271
300
850
957
788
859
1170
762
767
782
616
819
932
835
769
787
836
729
728
639
672
1020
939
910
759
638
732
1228
403
467
501
617
549
890
1068
1077
934
905
818
756
808
872
181
123
122
111
305
379
325
320
322
327
334
1240
355
1244
446
285
413
466
611
594
608
880
666
804
810
786
1117
929
1199
775
863
603
623
755
803
821
922
521
372
432
371
400
345
337
348
496
503
405
464
