fitness : 43723
selection pressure : 3
crossover parameter : 0.7
mutation parameter : 0.2
population : 100
elite proportion : 1000
generation : 0.2
time : 63.0275
115
95
78
76
74
75
81
79
77
73
72
70
71
80
69
67
68
66
65
82
60
61
62
83
84
85
63
59
58
57
15
16
17
19
18
11
10
6
5
4
3
1
0
2
7
9
8
14
13
12
52
56
55
53
54
64
138
149
217
202
201
183
181
171
168
203
199
191
187
108
102
103
110
117
123
140
152
163
167
186
190
194
192
176
164
156
150
142
157
182
177
213
225
195
198
204
206
264
238
253
252
231
236
251
250
249
248
247
246
245
312
311
403
404
405
406
407
385
374
382
399
352
337
326
313
305
288
272
240
266
270
277
298
363
376
388
408
423
424
431
430
442
457
460
462
464
469
466
467
468
470
471
465
463
461
456
428
24
25
422
421
391
384
398
410
396
389
397
390
381
368
369
370
333
341
304
297
276
239
254
267
271
275
296
325
344
351
340
324
316
357
348
349
336
322
309
303
317
329
342
356
367
380
395
320
332
345
359
373
358
328
321
308
364
377
392
412
411
413
414
415
416
417
418
419
402
401
386
379
366
354
355
339
343
330
318
310
393
378
365
353
338
327
314
323
335
350
362
375
387
409
439
440
452
451
450
449
448
447
446
445
458
459
432
443
444
433
434
435
436
437
438
482
472
480
479
477
476
453
441
454
455
485
488
429
481
478
475
474
473
492
483
484
486
487
489
394
427
426
425
420
400
383
372
360
491
490
361
334
371
347
346
331
315
319
306
287
274
269
273
301
299
302
307
289
290
291
292
293
278
279
280
281
282
283
284
285
286
295
294
263
262
261
260
259
258
257
256
255
241
242
243
244
237
232
233
228
227
226
219
220
218
212
216
211
205
207
210
222
230
235
221
229
214
196
197
193
188
184
178
165
166
161
185
179
173
175
174
170
148
154
160
162
169
172
180
189
200
209
215
208
224
223
20
234
265
268
300
21
22
23
30
29
28
26
27
31
32
33
34
35
37
36
38
39
40
41
44
46
45
42
43
47
50
51
48
49
144
151
153
158
159
155
145
146
147
143
141
139
137
129
133
132
106
116
118
112
111
107
104
105
98
89
88
87
96
97
100
99
93
90
91
92
94
101
109
113
114
119
122
126
130
134
136
135
128
131
124
125
120
121
127
86
