fitness : 128457
selection pressure : 3
crossover parameter : 0.7
mutation parameter : 0.2
population : 100
elite proportion : 1000
generation : 0.2
time : 78.7255
321
248
194
207
340
249
260
296
424
316
385
376
430
423
442
422
398
300
304
341
336
308
289
241
245
219
220
203
211
225
157
156
176
164
142
163
183
187
186
195
210
185
180
174
170
172
173
215
217
216
226
227
232
236
346
478
350
419
452
485
481
455
409
414
366
365
352
324
388
326
358
444
441
364
349
382
390
410
396
459
379
486
453
347
374
357
196
190
218
182
177
213
150
132
123
118
107
101
117
110
108
119
98
75
68
67
71
90
97
106
112
138
38
37
32
23
35
39
209
268
428
271
256
252
149
165
179
147
214
197
158
125
127
146
181
184
153
155
141
139
137
126
144
128
143
135
136
124
105
73
78
79
65
70
69
81
77
83
91
94
99
131
159
193
200
239
333
370
460
470
471
458
417
457
384
297
267
265
234
221
208
223
175
171
178
168
162
161
154
151
167
198
199
191
201
202
206
278
359
373
399
406
0
2
8
3
5
6
1
4
11
7
9
10
13
60
113
115
109
116
188
145
381
189
160
58
55
52
12
14
16
18
61
85
95
63
19
15
17
42
41
40
30
22
29
28
33
27
240
130
133
111
102
122
104
100
74
87
92
103
269
192
148
152
140
20
48
34
50
49
47
54
46
44
45
66
72
80
59
62
76
64
21
24
448
426
401
244
272
233
230
251
264
450
454
354
334
362
282
237
246
263
238
242
250
259
261
273
287
440
487
467
438
473
474
427
400
415
431
411
461
443
434
404
418
462
395
309
298
344
277
270
255
407
257
342
266
363
456
276
254
224
169
166
134
129
114
121
120
88
84
86
96
93
89
82
57
56
53
43
51
36
31
421
26
391
25
228
247
253
285
302
323
314
315
327
329
348
432
472
482
449
468
445
389
356
339
299
335
294
284
281
290
320
345
328
367
386
331
429
402
394
491
483
439
387
393
353
492
475
484
477
435
425
372
480
433
312
330
378
355
375
490
420
403
319
361
306
295
293
291
318
343
204
405
465
463
397
464
380
377
337
311
279
231
262
243
258
313
446
325
275
351
408
466
392
338
360
303
317
368
229
222
205
212
235
332
280
288
305
322
369
479
489
436
437
469
476
488
371
301
286
274
383
310
307
292
283
412
413
447
451
416
