fitness : 121230
selection pressure : 3
crossover parameter : 0.7
mutation parameter : 0.2
population : 100
elite proportion : 1000
generation : 0.2
time : 79.0211
122
176
108
93
91
147
131
124
95
114
87
89
80
79
77
72
66
55
50
162
169
159
151
184
171
163
152
140
118
106
98
104
90
99
127
82
78
75
65
73
70
71
83
84
86
110
119
111
123
103
136
117
102
101
92
88
115
81
76
74
67
125
63
58
54
62
60
85
56
53
45
44
41
31
32
47
34
35
37
29
30
28
26
27
25
24
0
1
2
3
46
179
5
9
12
6
19
11
10
7
4
8
69
128
13
61
57
16
15
14
17
18
20
160
175
173
265
21
22
23
33
36
40
38
39
49
43
42
48
64
51
52
59
68
97
120
94
105
121
107
116
109
129
133
132
141
149
146
185
144
158
189
208
223
304
276
300
268
170
174
172
215
217
194
206
207
214
235
212
230
210
209
234
200
193
168
143
178
180
181
201
150
156
157
177
142
134
145
188
196
187
236
334
483
465
458
459
337
336
451
474
473
466
463
471
453
440
392
397
381
444
400
365
361
338
452
441
438
439
425
420
491
457
391
384
421
369
324
448
325
271
297
317
326
270
242
302
345
301
354
227
303
366
355
374
464
430
377
477
372
371
434
436
478
386
362
393
378
454
346
274
250
219
216
264
252
251
195
182
191
190
167
137
139
130
113
112
100
96
148
138
126
135
155
166
154
153
161
165
183
197
221
224
239
267
254
329
309
298
255
232
258
247
259
261
339
379
331
284
299
287
273
492
269
281
293
263
279
253
285
294
310
262
330
347
405
442
407
409
462
422
398
460
423
408
467
480
472
399
469
461
481
484
383
417
327
314
318
402
450
490
315
305
282
289
292
313
290
164
204
231
238
225
213
199
198
192
203
186
220
296
449
482
432
396
431
376
348
241
229
222
218
211
240
228
233
237
245
246
248
205
202
226
395
283
260
291
266
272
275
424
470
443
404
412
380
277
323
295
343
375
427
437
389
388
410
340
351
342
328
341
456
316
344
333
322
243
244
249
256
257
358
280
320
288
321
419
406
286
306
307
312
319
487
476
418
332
363
308
278
446
311
445
415
367
356
364
352
373
382
416
468
428
349
357
370
368
390
350
353
359
385
403
455
485
475
486
489
447
433
411
479
426
394
335
360
429
488
387
401
414
435
413
