fitness : 22882.6
selection pressure : 3
crossover parameter : 0.7
mutation parameter : 0.2
population : 100
elite proportion : 1000
generation : 0.2
time : 1.66894
777
863
837
738
910
801
886
934
800
776
737
862
836
1366
1249
1340
1386
1248
1359
1351
1392
1365
1274
1350
1247
1273
1246
1389
1364
1349
1245
1339
1264
1272
1289
1288
1263
1244
1287
1363
1397
1338
1262
1286
1285
1284
1358
1348
1243
1395
1271
1242
1337
1241
1270
1283
1282
1269
1357
1391
1281
1347
1336
1240
1261
1239
1385
1335
1
259
159
208
143
36
241
134
455
375
479
503
345
501
405
312
453
372
403
429
343
477
309
369
451
499
308
402
371
476
404
500
310
373
430
502
313
377
346
480
314
347
433
407
315
481
378
318
457
380
482
410
506
319
379
434
348
458
320
507
485
384
509
353
387
463
327
415
389
488
512
490
329
513
441
355
489
390
465
330
491
417
443
419
333
393
467
357
515
392
418
332
466
356
331
514
391
328
442
416
464
354
440
388
325
414
386
511
326
462
352
510
385
322
438
383
484
508
382
436
350
460
412
486
323
439
413
487
324
461
351
437
411
321
459
381
483
349
435
409
505
317
456
408
504
316
376
432
406
454
344
478
374
431
311
452
342
370
428
307
367
498
450
368
340
474
305
341
427
401
475
306
449
366
473
497
339
425
447
303
399
495
302
494
301
364
424
496
304
426
400
448
338
365
472
398
446
336
362
397
300
471
363
337
423
299
470
396
361
422
298
358
492
296
468
394
295
420
334
444
359
493
421
395
335
445
360
469
297
1330
1189
1304
1372
1188
1323
1315
1378
1329
1214
1314
1187
1213
1186
1375
1303
1184
1203
1327
1383
1225
1224
1322
1312
1183
1301
1201
1180
1300
1371
1299
0
1221
1377
1179
1311
1321
1209
1222
1223
1210
1181
1182
1211
1381
1302
1202
1226
1227
1228
1229
1212
1204
1185
1313
1328
215
114
141
38
43
40
236
135
237
26
32
130
235
33
231
128
232
129
217
116
216
115
119
17
221
18
14
12
200
120
202
233
30
139
126
228
124
123
20
222
15
6
7
212
5
111
112
225
24
226
122
201
223
23
121
16
9
8
10
109
213
113
220
13
22
205
230
207
132
35
131
234
28
25
203
1316
1373
1305
1190
1306
1191
1205
1307
1192
1216
1217
1382
1308
1206
1384
1331
1207
1195
1309
1332
1376
1198
1319
1220
1380
1320
1326
1199
1374
1310
1200
1334
518
690
581
666
521
692
584
524
694
587
670
527
696
590
672
530
698
593
674
533
700
596
676
536
702
678
599
39
37
142
242
137
239
240
138
41
44
46
249
246
148
149
248
49
52
253
154
54
254
55
258
60
58
157
57
155
251
151
53
51
152
150
250
146
245
2
554
688
614
712
551
611
710
548
608
708
545
682
605
706
542
680
602
704
539
726
568
654
628
724
566
652
626
722
564
650
624
720
562
648
622
718
560
646
620
583
619
693
669
526
586
621
695
671
529
589
623
697
592
563
673
532
625
651
531
594
723
595
535
598
677
538
630
656
570
728
632
658
572
730
634
660
574
684
732
636
662
686
576
734
638
664
578
736
640
553
687
577
711
663
549
612
552
735
639
613
637
610
550
685
733
609
661
575
709
635
607
547
683
546
731
606
543
659
573
707
729
633
544
681
603
540
657
571
604
705
631
601
541
679
727
600
655
569
703
629
537
725
567
653
534
597
701
627
675
565
699
721
649
591
528
719
561
647
588
525
717
559
645
585
522
715
582
557
643
519
713
555
641
516
579
615
689
517
665
520
580
617
691
667
523
716
558
668
644
618
714
556
642
616
117
219
1333
1219
1197
1318
1196
1208
1218
1238
1237
1236
1235
1234
1233
1325
1317
1194
1193
1232
1231
1215
1324
1379
1230
218
11
4
110
214
118
224
19
21
227
27
29
206
34
133
140
238
31
125
229
127
204
136
243
42
244
144
145
147
45
50
247
47
48
257
156
153
252
255
56
256
59
161
158
160
162
260
62
261
163
165
61
263
265
170
171
176
287
91
87
289
98
186
183
180
177
69
272
73
66
70
168
267
172
67
266
273
77
279
192
291
100
99
290
190
288
184
191
88
82
282
89
193
195
292
95
293
102
104
103
101
196
194
187
283
83
78
276
173
178
268
64
274
74
84
280
181
71
169
209
79
210
199
211
1399
3
994
1081
995
1129
1055
1153
992
1080
1106
1020
1178
1082
996
1130
1056
1154
993
1053
1152
990
1050
1150
987
1124
1047
1148
984
1122
1044
1146
981
1010
1096
1070
1166
1008
1094
1068
1164
1035
1116
975
1142
1038
1118
978
1144
1041
1120
1072
1098
1012
1170
1074
1100
1014
1172
1076
1102
1126
1016
1078
1104
1128
1018
1176
1052
1151
989
1077
1103
1127
1017
1079
1054
1177
1019
1105
991
1175
1051
988
1173
1048
1075
1171
985
1101
1015
1125
1174
1049
1149
986
1123
1046
1147
983
1121
1043
1145
1168
980
1039
1069
1036
1067
1163
1115
974
1141
1037
1117
977
1143
1040
1119
1071
1042
982
1045
1013
1099
1073
1169
1011
1097
979
1167
1009
1095
976
1165
1007
1093
973
1033
1065
1161
1003
1063
1159
1001
1061
1024
961
1059
1085
1157
964
1087
1027
967
1089
1030
970
1091
1005
1139
971
1113
1031
1137
968
1111
1028
1135
965
999
1109
1062
1088
1002
1160
1064
1090
1004
1162
1066
1034
1092
1006
1140
972
1114
1032
1138
969
1112
1029
1136
966
1026
1134
963
1108
1023
1132
960
1058
1084
998
1156
1060
1086
1110
1000
1158
1025
1133
962
1107
1022
1131
959
958
1021
1155
997
1083
1057
1370
1260
1346
1388
1259
1362
1356
1394
1280
1355
1258
1369
1279
1257
1390
1368
1354
1256
1345
1268
1278
1298
1297
1267
1255
1296
1367
1398
1344
1266
1295
1294
1293
1361
1353
1254
1396
1277
1253
1343
1252
1276
1292
1291
1275
1360
1393
1290
1352
1342
1251
1265
1250
1341
1387
108
107
105
294
198
281
182
278
81
86
286
189
94
188
285
85
275
179
277
271
175
72
270
68
167
269
174
76
80
284
90
97
93
92
96
197
185
65
166
264
262
164
63
75
106
743
936
806
866
938
746
809
940
810
941
783
811
893
751
845
942
752
815
944
755
848
819
898
759
947
851
899
760
823
925
791
877
948
761
852
878
950
824
764
854
928
881
855
929
766
829
769
905
857
795
953
768
827
880
794
952
767
830
954
770
833
860
773
956
834
861
775
835
909
799
957
774
908
798
884
858
932
955
931
832
907
772
933
859
885
771
906
883
797
831
930
796
882
856
904
828
765
926
792
902
825
951
793
903
826
927
763
901
879
853
949
762
900
822
924
790
821
876
850
946
758
818
874
788
922
849
757
923
820
789
875
756
896
945
921
817
897
787
873
816
920
786
872
846
894
753
943
847
895
754
814
919
785
871
813
844
812
749
870
784
918
750
892
782
868
842
916
939
915
808
891
748
917
843
869
747
890
867
781
807
914
780
840
804
838
803
740
864
778
888
744
937
841
889
745
805
742
913
839
779
865
912
741
935
887
802
911
739
