fitness : 438117
selection pressure : 3
crossover parameter : 0.7
mutation parameter : 0.2
population : 100
elite proportion : 1000
generation : 0.2
time : 413.572
1
1240
246
18
1197
1379
731
628
6
439
465
437
367
404
508
360
586
526
220
1384
217
10
225
1215
1217
1230
24
39
521
1326
35
48
656
117
1238
134
12
720
14
15
22
20
391
441
36
1304
1210
341
140
116
139
122
362
1180
1221
290
833
1348
852
935
869
1164
1110
1017
699
32
120
314
129
121
205
124
401
200
135
355
509
336
304
127
488
228
229
357
511
413
1371
422
381
479
410
1311
414
427
417
1186
456
501
457
449
615
528
561
552
678
636
657
643
557
683
1195
691
712
582
1236
1334
718
328
1382
1303
1268
1027
966
1062
799
281
271
944
949
273
267
272
266
1035
232
426
344
384
353
445
425
513
690
516
520
639
1208
446
423
241
128
237
115
65
180
1285
210
86
88
69
190
97
155
1019
1074
73
293
283
285
75
1245
999
1107
919
1014
960
965
1085
986
1077
972
1167
1122
1099
1126
1354
175
62
166
185
277
1138
274
174
292
197
1025
749
957
888
903
1363
864
1284
1029
997
1121
1026
1169
1039
1020
1147
1060
1392
1176
1166
990
974
827
825
822
106
964
1078
196
146
148
177
188
925
922
1243
914
800
738
211
1177
992
1082
781
268
278
1136
101
766
899
785
1365
1273
1338
1160
1280
1358
1251
1255
811
758
763
1080
1155
107
904
108
153
276
1152
1146
1093
945
774
1352
1168
1132
1253
187
181
1350
853
179
164
93
87
103
830
294
178
98
82
99
80
842
1127
962
1070
1079
1149
104
257
260
96
184
186
198
275
1124
1144
1145
759
1241
980
809
745
282
202
256
1143
1115
280
182
284
288
159
828
270
264
17
319
452
28
27
571
26
112
40
154
279
259
221
226
5
11
645
619
298
403
1374
454
421
431
566
253
1250
1342
1057
1370
1069
1076
1119
1242
1357
169
119
114
252
111
109
110
130
1271
907
812
934
857
932
1335
1368
958
1298
1385
1340
808
764
807
775
894
908
1058
1037
1120
1086
1362
920
1297
1288
991
1004
1034
1044
1258
1116
1135
896
877
1286
845
1104
1059
1055
1266
1043
199
967
978
1399
1047
1075
981
1081
1103
1165
1157
1275
1361
1114
1162
1094
961
1125
994
1277
969
1009
1066
841
823
875
821
1263
982
951
868
906
889
1072
879
768
1032
1051
1356
772
918
838
782
968
1178
1007
1173
876
780
776
1040
1278
1130
1396
1291
977
988
1046
1018
1013
1003
1106
901
954
956
1030
1141
1092
1038
1265
1000
948
983
917
1247
831
898
751
897
912
1289
837
836
1355
1292
1095
927
887
790
289
286
95
137
83
89
100
905
1272
167
176
194
105
90
1172
94
85
81
68
78
66
50
540
734
47
348
215
1220
1310
682
651
663
618
623
1319
616
1325
666
1318
667
686
531
527
1235
58
25
303
1375
462
316
322
349
1226
379
390
402
1202
484
393
383
399
487
375
374
448
38
45
49
51
55
54
59
56
79
43
250
261
201
23
0
432
442
1322
494
525
529
715
538
677
543
612
704
736
559
709
653
662
1309
737
742
863
950
1290
1068
1090
1021
1123
1015
1041
1088
1360
1048
1063
1154
996
806
795
1367
255
163
168
191
171
173
172
1295
1101
1002
970
989
1257
1049
170
145
144
141
123
41
149
729
222
238
661
644
239
655
646
625
572
230
33
125
313
476
647
637
1372
592
671
664
583
1300
392
430
467
512
429
411
136
534
546
565
564
692
547
613
672
654
679
696
710
532
724
626
706
688
708
650
1381
1223
722
685
668
652
614
1224
589
537
707
593
605
714
578
1219
1345
1337
943
855
1287
955
1246
963
985
1239
1264
1282
1344
865
1393
1252
263
254
60
61
150
550
648
649
676
522
1332
491
1185
1227
447
468
505
482
485
489
1179
444
486
354
498
331
1188
975
1052
1073
1023
959
1249
770
814
819
854
1096
973
987
1134
1142
1259
891
1349
846
1269
929
900
930
834
910
1022
64
92
815
818
916
952
832
739
160
156
1279
1156
1158
1102
993
1171
1031
1276
1100
1139
1153
1398
936
883
942
873
1359
1163
1117
1108
1394
767
937
754
72
91
70
74
84
415
126
713
611
627
590
635
588
600
576
499
1201
351
1306
519
497
218
311
312
474
408
433
418
343
376
419
380
716
539
321
440
337
330
371
369
506
443
1194
435
372
332
1328
339
475
397
398
385
1383
1222
424
554
705
659
702
1196
735
594
727
711
551
723
697
1218
617
1233
632
669
674
675
299
1225
216
214
206
165
157
152
53
1237
1137
1097
1254
1341
1293
998
1084
3
1042
984
1024
102
71
76
77
995
1016
1005
755
1105
744
777
1386
1389
778
1339
797
1008
1296
882
1351
911
926
874
1387
858
931
752
933
746
762
773
771
1140
783
1036
1109
1267
219
207
560
587
548
700
728
730
631
545
1380
535
946
1133
1148
568
524
504
1327
323
478
461
324
342
325
335
1315
361
378
368
1184
1045
976
1112
1065
1161
979
769
859
895
748
921
913
756
816
885
909
1347
1391
1364
1270
1336
1346
880
924
1390
971
1033
1388
866
939
856
1244
817
824
847
941
1001
1006
1010
843
861
940
878
860
848
67
63
147
158
161
247
1054
249
1204
514
1301
2
4
13
455
458
492
603
579
563
567
1213
347
326
359
515
416
365
358
306
309
295
459
1211
471
1183
1203
1331
42
243
300
352
483
622
223
562
248
251
245
242
142
52
57
523
1333
698
581
595
8
9
30
21
212
438
453
236
318
297
405
436
481
451
307
406
466
673
541
533
577
684
721
680
591
695
630
665
621
608
607
640
597
1231
555
620
658
585
602
681
689
717
1207
1317
1232
570
599
575
1216
606
638
703
598
573
580
542
609
301
346
340
291
320
334
428
1182
244
813
209
193
287
1397
183
258
265
269
820
810
1262
798
1395
796
947
794
793
743
862
788
840
871
884
886
1170
1294
1098
1150
1083
1067
1050
1028
1087
1056
1190
113
118
1200
1307
1376
1191
231
233
356
373
1187
388
389
394
387
395
601
629
701
553
732
1199
725
693
1324
1316
719
687
670
569
1192
44
46
1373
131
660
574
1193
507
480
1299
490
510
473
333
1321
1377
596
610
530
536
1308
544
1205
329
235
204
224
227
7
16
19
29
1206
31
213
1305
464
1313
477
1330
1283
804
826
1369
850
890
1343
938
1113
1053
1091
1281
953
851
870
923
1353
757
835
1131
1274
1256
1011
1089
1111
1248
786
803
792
915
760
789
1175
162
151
138
203
234
132
34
350
493
502
469
363
396
364
450
1302
1181
1312
1209
409
460
1329
1378
1228
1214
496
143
753
872
1261
195
844
779
881
928
839
802
784
801
787
192
791
761
765
741
747
740
849
893
892
750
189
262
302
407
503
315
305
345
338
308
327
412
463
310
382
386
1212
400
495
420
1314
377
1229
558
556
517
867
902
1151
1174
1064
1118
1129
1260
1366
1071
1128
1061
1012
1159
1198
1234
1320
240
37
726
549
604
518
633
641
733
634
694
500
470
1189
642
624
584
133
434
1323
296
208
805
829
370
472
366
317
