fitness : 29056.4
selection pressure : 3
crossover parameter : 0.7
mutation parameter : 0.2
population : 100
elite proportion : 1000
generation : 0.2
time : 1.32695
1388
1259
1346
1260
1057
1083
958
997
1155
961
1059
1085
999
1109
965
1025
1133
962
1107
1022
1131
959
1158
1000
1086
1060
1156
998
1084
1058
1110
966
1026
1134
963
1108
1023
1132
960
1062
1157
964
1024
1061
1087
1001
1159
1063
1089
967
1003
1161
1065
1091
970
1005
1139
971
1113
1031
1137
968
1111
1028
1135
1034
1092
1006
1140
972
1114
1032
1138
969
1112
1029
1136
1035
1116
975
1142
1164
1068
1094
1066
1162
1004
1090
1064
1160
1002
1088
1115
974
1141
1163
1067
1093
973
1007
1165
1036
1069
1095
976
1009
1167
979
1071
1097
1011
1169
1073
1099
982
1013
1045
1042
1119
980
1145
1043
1121
983
1147
1046
1123
986
1149
1049
1125
989
1015
1101
985
1075
1171
1173
988
1048
1077
1103
1017
1127
992
1153
1055
1129
995
1052
1151
1176
1018
1104
1128
993
1154
1056
1130
996
1053
1152
1080
1106
1020
1178
1082
1175
1051
1079
1105
991
1019
1177
994
3
211
199
1399
1081
1054
1174
1016
1102
1076
1172
1126
990
1050
1150
987
1124
1078
1168
1010
1096
1070
1166
1008
1072
1098
1012
1170
1074
1100
1014
1120
981
1146
1044
1122
984
1148
1047
1041
1144
978
1118
1038
1040
1143
977
1117
1037
1039
1033
1030
1027
1021
1370
1356
1362
1394
1355
1258
1257
1279
1369
1390
1354
1256
1268
1278
1298
1297
1296
1267
1255
1367
1398
1295
1266
1344
1294
1293
1361
1353
1254
1253
1252
1276
1292
1291
1275
1360
1352
1250
1342
1251
1265
1387
107
105
294
198
97
90
284
80
179
85
285
188
281
182
86
81
278
286
189
94
87
91
287
183
176
171
170
265
263
61
165
163
261
62
260
162
160
158
59
256
56
252
153
48
45
147
145
144
244
42
243
139
30
233
123
20
15
7
5
111
112
9
8
10
109
213
113
214
110
4
218
11
1230
1379
1316
1190
1306
1191
1205
1373
1305
1324
1215
1231
1232
1216
1192
1307
1217
1193
1194
1317
1325
1233
1234
1235
1206
1308
1384
1331
1236
1207
1195
1237
1238
1218
1208
1196
1318
1332
1376
1197
1198
1319
1220
1380
1320
1199
1310
1200
1334
518
690
581
666
521
692
584
668
524
558
644
618
714
556
642
616
716
583
667
523
557
643
691
617
665
520
555
641
516
579
689
517
615
713
519
580
715
522
582
619
693
559
645
585
669
526
586
621
695
561
647
525
588
671
529
589
623
697
563
649
528
591
673
532
625
651
531
699
565
675
535
595
627
701
567
653
534
597
677
538
598
629
703
569
655
600
679
541
601
631
705
571
657
540
603
681
544
633
707
573
659
543
683
547
607
635
709
575
661
685
550
610
637
711
577
663
549
612
687
553
639
735
552
613
733
609
731
546
606
729
604
727
725
537
723
594
721
592
719
717
620
646
560
718
622
648
562
720
624
650
564
698
530
672
590
696
527
670
587
694
593
674
533
700
722
626
652
566
724
628
654
568
726
630
656
570
728
632
658
572
678
539
704
602
680
542
706
605
682
545
708
608
684
548
574
660
634
730
732
636
662
576
686
551
712
614
688
554
2
611
710
734
638
664
578
736
640
599
239
137
242
142
37
39
138
41
44
46
246
148
149
248
249
51
53
151
251
152
150
250
146
245
155
57
58
55
254
54
154
52
49
253
60
258
157
240
702
536
676
596
1374
1326
1219
1333
219
117
1309
1382
220
13
22
205
27
29
230
28
25
203
234
131
35
207
132
227
21
118
224
19
201
223
121
16
23
127
204
229
31
238
133
34
206
140
125
225
226
24
122
212
6
222
124
228
126
202
120
200
12
14
18
221
17
119
129
232
128
231
130
26
237
135
40
43
236
134
241
141
36
143
159
259
208
38
375
455
479
345
431
374
478
344
430
373
454
406
432
313
376
480
314
433
347
407
481
315
378
346
456
317
505
409
435
349
483
381
459
321
411
437
351
461
324
487
413
439
323
486
412
438
322
460
350
436
484
508
382
383
353
511
326
462
352
386
414
510
325
385
415
441
355
489
390
465
513
389
488
354
440
388
464
416
442
328
490
329
443
357
467
333
393
515
392
466
332
356
514
331
391
418
419
417
491
330
512
463
327
387
384
485
509
507
380
482
348
434
379
458
320
410
506
319
457
318
408
504
316
377
502
405
453
312
372
477
309
451
341
427
305
474
340
450
308
368
402
476
342
428
307
370
452
311
404
500
310
371
498
367
400
426
304
448
338
424
364
472
365
398
446
302
495
399
425
339
473
366
449
497
447
303
336
470
299
423
337
397
471
300
363
362
396
422
298
361
444
334
420
295
468
296
394
492
358
359
493
335
421
395
445
360
469
297
1330
1189
1304
1188
1315
1323
1378
1314
1187
1186
1213
1375
1313
1185
1204
1212
1229
1228
1227
1203
1184
1327
1383
1226
1202
1302
1225
1224
1322
1312
1183
1182
1181
1210
1223
1222
1209
1321
1311
1179
1300
1180
1201
1371
1299
1377
1221
0
1301
1211
1381
1303
1328
215
114
1214
1329
1372
494
301
496
401
475
306
499
369
343
429
403
501
503
32
235
33
116
216
115
217
136
50
247
47
257
156
255
161
180
177
272
69
73
70
66
273
77
279
88
82
282
89
193
187
194
195
196
101
103
104
102
292
95
293
283
83
78
276
178
173
274
74
280
84
181
71
169
209
79
210
268
64
192
191
184
288
190
290
99
100
291
266
67
172
267
168
186
289
98
275
277
76
174
269
167
271
175
72
270
68
93
92
96
197
185
65
166
63
75
106
743
936
840
866
780
914
807
867
781
915
808
891
939
890
747
869
843
917
748
916
842
868
746
782
892
750
918
784
870
749
812
844
813
871
785
919
814
845
894
753
943
847
895
754
846
872
786
920
816
873
787
921
817
897
945
896
756
875
789
849
923
757
820
922
819
898
759
947
851
899
760
850
876
790
924
822
877
791
925
823
900
762
949
853
879
901
763
852
878
792
902
765
881
855
929
766
928
854
880
764
794
952
767
827
856
882
796
930
831
883
797
931
832
907
955
906
771
885
859
933
772
932
858
884
770
798
908
774
834
957
799
909
775
835
861
956
773
833
860
954
830
904
768
953
795
857
905
769
829
828
825
926
951
793
903
826
927
950
824
948
761
821
946
758
848
874
755
788
818
944
815
942
752
810
941
783
893
751
811
940
809
938
806
888
744
937
841
889
745
804
912
741
865
779
839
913
742
805
886
776
862
737
836
1249
1340
1248
1351
1359
1392
1350
1247
1246
1273
1389
1349
1245
1264
1272
1289
1288
1287
1263
1244
1363
1397
1286
1262
1338
1285
1284
1358
1348
1243
1242
1241
1270
1283
1282
1269
1357
1347
1239
1336
1240
1261
1385
1335
1
1391
1281
1337
1271
1395
1339
1364
1274
1365
1386
1366
934
800
801
910
738
935
777
863
837
887
802
911
739
838
864
740
778
803
264
262
164
108
1341
1393
1290
1343
1277
1396
1345
1368
1280
