2951,7293,2968,7322
2983,7487,2948,7456
2985,5495,2958,5501
2948,5475,2987,5438
2973,5380,2987,5393
2950,6350,3005,6345
3007,5508,2984,5510
3009,6657,2947,6663
2999,5545,3012,5571
3018,6382,3004,6394
3020,6429,2972,6406
3014,6478,2950,6480
2981,6576,3025,6547
3013,5491,3026,5495
3026,5589,3010,5595
3032,5433,3015,5443
3034,5333,3008,5333
3009,6209,3036,6232
3016,5399,3037,5394
100,3038,3030,5295
3472,6787,3472,6803
3477,4794,3473,4892
3477,6948,3474,7009
3485,7114,3007,7303
3472,6704,3486,6710
3485,4998,3489,5075
3489,5512,3482,5556
3477,5204,3490,5208
3495,5640,3489,5671
3495,5927,3487,5976
3497,5559,3488,5601
3499,5855,3475,5882
3501,4544,3502,4568
3503,5448,3479,5435
3503,6588,3485,6621
3503,6845,3489,6888
3487,5763,3500,5778
3508,7667,3492,7720
3512,5603,3511,5610
3502,6541,3513,6545
3507,5795,3515,5808
3493,5498,3518,5500
3518,5721,3481,5732
3509,6709,3519,6709
3503,7045,3519,7058
3511,6455,3520,6475
3518,7079,3520,7090
3487,5387,3522,5373
3524,6618,3522,6645
3480,4746,3526,4742
3517,5124,3526,5135
3526,6171,3477,6245
3512,7275,3526,7347
3531,5272,3481,5299
3520,5679,3533,5693
3531,4924,3534,4964
3535,5293,3532,5309
3535,5895,3503,5901
3531,6470,3538,6477
3512,6533,3540,6536
3536,5166,3541,5192
3541,6733,3514,6741
3533,4535,3543,4551
3504,4635,3543,4659
3489,6356,3543,6358
3542,8224,3544,8301
3545,5096,3529,5104
3545,6018,3482,6101
3534,4561,3547,4579
3549,5524,3541,5545
3536,6403,3549,6405
3551,5747,3514,5758
3536,6267,3557,6279
3558,5785,3556,5807
3535,4702,3562,4710
3563,7097,3552,7154
3559,6703,3564,6757
3553,5697,3567,5715
3568,6542,3566,6554
3532,5347,3570,5380
3571,5005,3546,5032
3573,5542,3561,5560
3563,5150,3576,5155
3576,7018,3568,7036
3577,7434,3526,7525
3578,6317,3557,6325
3569,6363,3578,6394
3579,4826,3569,4843
3564,5267,3582,5277
3585,5410,3565,5420
3585,5573,3582,5584
3587,6566,3565,6573
3542,6882,3587,6877
3584,5683,3588,5702
3560,6480,3590,6499
3592,5771,3574,5779
3586,6513,3593,6544
3558,7206,3594,7253
3595,4532,3552,4543
3590,4508,3592,4510
3568,6921,3596,6954
3598,7042,3577,7041
3599,5123,3574,5138
3550,5928,3601,5944
3578,6076,3603,6093
3603,6999,3598,7007
3590,5747,3604,5757
3605,5821,3600,5834
3587,6410,3606,6435
3606,7716,3574,7773
3607,4763,3602,4813
3565,5182,3609,5203
3565,6631,3611,6631
3604,6663,3592,6663
3574,5975,3612,5992
3620,7021,3620,7036
3621,7067,3620,7096
3622,5856,3590,5853
3624,6217,3626,6257
3589,6793,3626,6796
3572,7162,3630,7181
3631,5688,3612,5694
3631,7009,3631,7020
3632,4839,3616,4854
3633,5778,3629,5809
3581,4885,3636,4930
3637,4994,3618,5053
3639,6152,3639,6167
3634,6979,3641,7007
3621,8178,3642,8201
3613,6382,3643,6383
3622,6473,3643,6490
3619,4680,3644,4697
3621,5645,3649,5677
3623,6714,3647,6725
3655,5539,3632,5568
3636,6945,3655,6955
3651,5420,3614,5416
3648,5343,3657,5378
3625,5727,3657,5759
3657,6177,3657,6213
3657,6761,3653,6765
3622,4514,3647,4503
3580,4417,3660,4471
3661,7079,3655,7099
3608,4582,3665,4579
3665,5459,3660,5459
3668,6004,3652,6034
3662,5843,3670,5893
3597,5478,3671,5497
3664,5017,3674,5031
3649,4636,3676,4671
3677,4874,3653,4868
3678,6471,3666,6491
3679,4527,3658,4530
3681,4914,3681,4964
3681,5126,3633,5148
3653,6512,3681,6546
3674,6955,3681,6978
3681,7009,3661,7027
3682,6093,3655,6108
3642,6330,3683,6373
3685,5834,3685,5847
3619,7357,3688,7442
3660,7566,3630,7572
3585,8130,3688,8110
3689,5559,3673,5602
3689,5730,3660,5742
3650,5942,3690,5949
3690,6256,3653,6257
3669,6855,3692,6903
3678,7063,3693,7067
3693,7116,3682,7121
3697,6167,3688,6177
3699,5276,3699,5314
3702,7037,3681,7036
3675,5652,3705,5649
3687,5808,3706,5837
3706,6625,3705,6667
3652,7853,3707,7954
3708,6378,3685,6391
3710,5017,3709,5047
3706,5936,3711,5951
3711,6762,3711,6794
3713,6205,3680,6202
3713,6714,3688,6747
3715,9271,3497,9415
3687,8330,3711,8344
3717,6422,3679,6433
3717,7631,3702,7657
3702,5621,3720,5620
3721,5557,3714,5581
3702,4739,3724,4754
3719,4786,3729,4829
3717,6722,3730,6722
3723,6697,3731,6705
3732,5865,3717,5885
3732,6497,3688,6499
3715,4925,3733,4899
3703,4705,3734,4709
3721,6252,3734,6286
3735,5163,3722,5174
3736,5763,3735,5794
3738,5670,3737,5709
3723,5902,3739,5907
3727,4931,3741,4934
3742,5108,3734,5124
3731,6715,3742,6715
3739,5283,3743,5291
3737,5523,3744,5520
3708,4603,3747,4636
3750,4444,3723,4504
3699,5425,3750,5425
3753,7194,3685,7245
3750,6039,3754,6046
3722,6128,3757,6174
3758,7507,3739,7546
3753,5639,3759,5668
3746,5601,3761,5605
3723,5494,3762,5491
3745,7036,3762,7041
3767,5296,3757,5329
3768,7110,3722,7118
3693,9158,3768,9142
3747,5016,3769,5030
3722,8555,3769,8622
3771,5931,3747,5938
3772,7075,3752,7070
3711,7345,3773,7368
3765,5701,3775,5710
3778,5181,3762,5188
3781,6920,3736,6948
3781,5336,3783,5369
3784,4695,3745,4717
3771,5425,3784,5438
3785,6568,3734,6609
3777,5123,3791,5150
3791,6964,3763,6993
3773,5228,3793,5254
3778,5905,3794,5901
3795,4760,3785,4777
3790,7076,3798,7084
3766,4928,3782,4927
3763,6866,3800,6879
3759,6002,3801,5970
3805,4848,3766,4833
3811,4491,3792,4520
3781,4581,3814,4617
3778,6476,3814,6484
3784,5073,3815,5105
3716,8412,3815,8365
3817,4523,3813,4556
3805,5209,3817,5219
3817,5342,3803,5351
3817,7058,3799,7054
3797,5695,3818,5698
3818,5823,3777,5811
3819,7209,3789,7229
3807,4903,3821,4908
3801,5272,3821,5278
3822,5165,3799,5187
3814,5481,3798,5486
3800,8276,3826,8288
3788,6004,3827,6051
3789,6258,3827,6338
3827,6754,3800,6781
3828,9207,3766,9260
3829,7922,3785,7952
3830,5533,3829,5571
3831,6080,3812,6085
3835,5833,3813,5853
3837,5608,3826,5645
3817,7028,3837,7028
3817,7076,3837,7080
3837,8054,3761,8056
3795,8461,3837,8563
3830,6606,3838,6673
3829,5076,3842,5090
3832,5266,3843,5285
3844,4923,3799,4968
3793,6432,3844,6439
3845,6996,3817,7005
3848,5105,3841,5138
3848,7062,3837,7066
3849,5171,3841,5193
3824,5466,3849,5478
3763,7856,3852,7851
3800,5762,3854,5779
3854,9082,3807,9145
3856,5894,3830,5923
3856,9314,3843,9331
3855,5209,3858,5221
3795,8181,3858,8199
3857,5331,3859,5374
3857,5050,3862,5079
3834,4853,3863,4863
3828,7117,3867,7124
3822,4734,3868,4709
3862,5253,3868,5267
3870,5512,3871,5548
3872,6801,3815,6828
3831,4785,3874,4804
3846,8633,3874,8692
3830,7541,3875,7678
3877,5397,3852,5429
3864,5738,3882,5757
3885,5300,3876,5318
3885,7130,3884,7141
3886,9202,3884,9257
3888,9386,3865,9403
3857,5689,3891,5671
3847,6206,3891,6257
3876,5111,3892,5154
3892,7085,3868,7089
3896,6878,3893,6894
3876,5087,3897,5092
3814,7430,3901,7435
3878,8882,3901,8917
3888,5469,3902,5508
3902,6038,3888,6082
3903,4481,3887,4503
3884,6491,3905,6514
3886,5333,3906,5319
3906,7147,3892,7196
3904,4844,3907,4863
3909,5765,3903,5789
3910,9289,3891,9320
3911,5963,3911,5985
3907,5831,3913,5870
3914,6989,3912,7015
3915,4549,3857,4558
3891,5652,3916,5642
3899,6554,3917,6611
3918,7502,3909,7544
3920,4921,3893,4953
3906,6906,3922,6914
3904,5332,3923,5351
3896,7037,3923,7034
3911,7057,3923,7063
3905,7076,3923,7088
3869,9465,3923,9539
3925,4955,3919,4985
3909,5058,3926,5072
3884,6943,3926,6959
3929,5235,3900,5261
3924,7134,3934,7137
3935,8734,3924,8818
3936,9407,3903,9390
3937,7926,3874,7978
3938,5002,3913,5017
3920,5489,3938,5491
3836,7747,3938,7745
3929,6998,3939,6998
3943,4617,3917,4619
3943,5369,3925,5381
3921,8446,3944,8501
3945,6548,3934,6571
3939,6164,3946,6152
3896,7260,3946,7279
3945,2758,3947,2794
3929,4416,3917,4419
3951,4654,3927,4674
3951,5404,3920,5404
3925,5568,3951,5622
3951,6710,3932,6792
3952,4924,3952,4937
3941,6958,3952,6975
3938,4961,3953,4971
3886,8125,3954,8135
3943,6176,3955,6234
3956,4487,3956,4544
3957,5010,3944,5021
3931,6870,3959,6894
3959,9354,3916,9360
3961,5529,3951,5541
3961,6045,3945,6059
3961,9450,3931,9458
3962,6131,3960,6143
3962,6280,3935,6329
3951,5965,3963,5999
3959,5171,3964,5177
3965,5892,3940,5917
3967,4628,3948,4638
3964,6914,3967,6926
3941,8972,3967,8984
3958,7027,3969,7034
3946,3026,3970,3074
3956,4951,3972,4946
3952,5102,3973,5124
3974,2951,3927,2956
3952,4775,3975,4803
3923,4850,3975,4852
3975,5432,3956,5440
3975,7161,3966,7171
3976,6083,3937,6078
3964,6961,3977,6970
3933,8288,3977,8366
3969,6892,3978,6897
3934,2896,3980,2914
3981,7202,3941,7243
3983,9365,3980,9386
3974,5947,3984,5970
3936,5181,3986,5223
3970,5524,3987,5529
3977,6130,3987,6131
3986,4599,3990,4653
3987,6246,3991,6265
3992,3217,3980,3266
3944,3202,3987,3181
3976,4708,3993,4713
3974,2712,3994,2735
3972,5058,3994,5067
3994,5390,3987,5409
3996,4743,3964,4737
3988,7533,3996,7616
3998,4834,3980,4830
3999,5918,3997,5949
4000,7342,3922,7358
4001,5548,3994,5551
3981,2997,4003,3023
3980,6184,4003,6194
4003,9273,3986,9300
3967,4463,4004,4481
4004,6997,3974,7015
3995,5358,4005,5379
3984,7130,4001,7127
4008,3118,4004,3143
4008,7036,3988,7043
4009,5995,4006,6027
3963,5704,4010,5731
4006,4545,4012,4573
4007,6093,4013,6129
4012,6910,4013,6950
3971,6594,4014,6652
4012,7753,4014,7823
4017,5639,3990,5654
4010,6872,4018,6896
4013,9212,4018,9249
4019,5426,3993,5438
4020,7046,4008,7062
4020,7126,4006,7146
3957,8029,4020,8064
4021,5230,4018,5252
3948,4408,4022,4363
4023,4645,4018,4669
4023,5474,3984,5481
4023,7175,3994,7170
4024,8489,4014,8630
4029,3073,4013,3098
4029,6163,4014,6185
4030,5536,4003,5566
4010,5078,4031,5084
3976,8167,4031,8181
3995,6531,4032,6560
3991,7882,4032,7917
4033,4859,4011,4892
4029,2951,4034,2989
4002,3316,4036,3323
4036,5595,4025,5616
4038,6185,4028,6194
4041,6270,4007,6288
4036,3348,4042,3417
4018,6054,4043,6059
4002,2873,4046,2911
4046,9368,4013,9405
4050,8269,4005,8231
3998,5020,4051,5043
4018,5218,4051,5208
4051,5260,4047,5275
4051,7381,3993,7416
3986,2785,4052,2823
4055,6195,4050,6208
4023,5812,4056,5872
4051,4798,4057,4836
4043,8332,4057,8378
4059,4923,4038,4938
4057,9428,4060,9478
4064,3074,4062,3081
4064,6994,4051,7057
4043,7096,4065,7124
4068,6062,4055,6088
4068,7508,4038,7486
4069,5129,4056,5140
4054,5920,4069,5942
4069,9254,4029,9294
4062,3301,4071,3333
4073,7220,4054,7240
4050,5999,4074,6015
4056,5418,4075,5451
4066,6241,4075,6256
4076,7574,4052,7546
4057,6229,4078,6229
4083,5330,4029,5372
4076,5204,4084,5216
4085,4979,4047,5006
4061,6170,4074,6167
4085,6185,4082,6195
4085,6352,4027,6364
4033,8443,4085,8452
4086,5715,4061,5737
4015,2667,4089,2675
4089,6450,4084,6489
4090,4333,4085,4346
4092,3228,4066,3270
4092,3413,4092,3440
4092,5808,4085,5818
4052,3034,4094,3076
4094,4496,4055,4519
4072,9116,4094,9134
4061,5904,4095,5906
4095,6111,4075,6111
4095,7524,4075,7555
4084,2766,4098,2820
4098,7611,4075,7615
4082,4942,4099,4966
4099,7251,4097,7278
4100,8966,4041,9003
4047,8879,4077,8882
4101,5652,4092,5671
4068,8111,4103,8189
4105,4583,4037,4567
4079,5558,4105,5578
4078,2886,4106,2892
4106,6130,4090,6130
4107,9071,4104,9092
4056,4740,4108,4770
4097,5241,4108,5252
4083,4818,4110,4837
4098,7590,4110,7601
4098,6170,4112,6193
4094,5962,4113,5965
4092,5627,4114,5643
4115,3105,4090,3119
4115,5678,4110,5702
4044,8768,4116,8840
4099,3575,4082,3552
4119,5664,4107,5662
4092,7098,4119,7150
4120,3449,4067,3490
4112,5506,4120,5530
4127,3116,4126,3126
4127,6635,4045,6743
4127,7522,4120,7540
4128,5124,4106,5157
4129,3492,4117,3515
4050,8038,4129,8025
4125,5422,4111,5424
4130,6105,4130,6129
4131,4895,4103,4897
4124,5328,4131,5339
4131,5708,4129,5727
4132,6217,4112,6213
4134,5762,4111,5774
4127,5913,4134,5928
4137,6160,4123,6167
4124,5676,4138,5672
4141,5994,4112,5998
4142,6267,4113,6298
4142,6528,4133,6563
4143,9395,4082,9446
4133,5560,4144,5598
4134,5052,4146,5083
4148,5177,4114,5209
4149,4978,4114,4992
4149,6815,4122,6868
4150,3273,4115,3306
4150,4654,4110,4676
4151,3122,4142,3159
4138,6036,4154,6065
4143,3236,4156,3211
4157,5237,4144,5239
4159,5126,4141,5139
4161,5958,4129,5955
4126,2884,4163,2934
4112,4447,4164,4488
4165,4344,4156,4371
4166,5548,4164,5567
4166,5873,4139,5897
4149,5612,4167,5640
4168,3793,4128,3797
4168,5265,4162,5309
4171,4908,4151,4935
4154,5671,4171,5690
4165,3544,4173,3579
4143,7862,4173,7905
4148,3092,4174,3084
4167,5906,4175,5914
4176,5398,4130,5410
4163,6158,4176,6171
4180,8553,4174,8598
4182,9228,4157,9261
4184,6262,4171,6289
4154,2846,4188,2868
4188,4494,4184,4508
4176,6010,4188,6012
4189,2943,4163,2987
4190,5662,4172,5665
4180,7250,4190,7288
4170,7348,4128,7349
4184,5801,4191,5797
4192,4923,4186,4954
4192,6220,4192,6232
4177,6457,4192,6529
4193,3635,4177,3668
4134,9323,4193,9311
4173,4887,4195,4886
4199,5711,4197,5729
4202,8362,4162,8428
4189,5542,4203,5558
4203,5959,4199,5987
4205,5899,4178,5923
4207,5444,4159,5481
4131,3730,4208,3726
4208,5531,4208,5539
4185,3858,4209,3889
4203,5138,4210,5167
4210,7532,4167,7594
4210,8859,4162,8913
4192,4717,4212,4780
4209,6054,4212,6071
4194,5669,4213,5683
4181,5821,4213,5844
4213,6195,4166,6185
4188,6344,4213,6389
4215,3605,4187,3605
4195,5945,4216,5935
4217,5232,4184,5209
4218,2730,4173,2778
4218,5776,4213,5789
4218,8662,4174,8695
4218,3090,4219,3123
4167,4399,4219,4402
4220,4452,4198,4459
4220,7736,4137,7763
4221,5064,4193,5093
4222,4856,4208,4882
4188,5615,4223,5628
4223,7817,4190,7857
4224,6927,4189,6963
4161,9187,4226,9155
4229,5182,4208,5190
4229,6252,4205,6261
4233,3408,4153,3439
4233,5741,4227,5762
4234,5102,4214,5117
4223,6013,4235,6035
4235,7347,4193,7437
4233,6129,4221,6134
4237,7959,4171,7964
4238,8107,4206,8142
4234,3147,4239,3166
4237,5807,4240,5835
4233,7048,4214,7048
4219,4485,4247,4500
4247,4940,4237,4973
4248,5524,4240,5567
4236,5998,4248,6001
4239,6139,4249,6168
4249,7114,4214,7147
4217,4518,4250,4545
4251,2873,4227,2917
4251,6089,4236,6092
4251,5160,4253,5178
4240,5948,4257,5939
4257,6387,4250,6425
4248,5204,4258,5211
4258,5842,4243,5853
4240,3789,4259,3853
4211,5349,4259,5369
4260,3301,4202,3338
4261,9432,4209,9492
4248,4464,4264,4459
4215,4644,4264,4694
4265,5650,4255,5659
4237,4333,4266,4319
4266,5877,4242,5896
4265,6583,4266,6627
4268,5922,4256,5925
4259,6110,4268,6134
4271,3469,4215,3508
4269,5158,4271,5176
4271,5683,4266,5691
4247,5220,4272,5231
4254,5254,4272,5282
4273,5964,4255,5974
4141,9583,4273,10040
4272,6012,4274,6033
4240,3665,4275,3712
4241,4375,4275,4405
4275,4958,4262,4967
4254,8544,4275,8566
4278,7195,4210,7199
4246,3761,4279,3759
4277,4550,4279,4565
4279,7610,4204,7650
4222,9023,4282,9073
4265,5087,4283,5085
4284,5721,4254,5721
4284,6074,4284,6104
4241,7015,4284,7039
4285,5383,4269,5391
4274,6207,4292,6259
4293,6825,4218,6845
4294,6917,4281,6979
4297,7773,4270,7847
4299,8730,4235,8746
4283,6502,4300,6546
4214,6736,4300,6764
4301,4454,4286,4468
4301,4832,4287,4872
4284,5623,4302,5636
4282,5105,4304,5115
4305,2966,4292,3005
4236,8496,4305,8476
4307,4979,4285,4985
4292,7524,4308,7558
4309,3450,4301,3499
4298,4502,4309,4508
4309,4692,4309,4706
4311,2707,4277,2737
4311,4477,4295,4491
4285,6038,4311,6066
4296,5827,4313,5844
4285,6178,4313,6188
4314,3095,4261,3119
4314,5290,4307,5308
4314,6359,4285,6376
4305,3926,4315,3962
4251,3616,4319,3604
4281,5891,4322,5881
4322,6088,4317,6098
4324,3339,4310,3355
4290,5781,4324,5784
4325,2861,4302,2877
4325,4347,4312,4383
4306,8063,4326,8138
4304,6129,4327,6127
4305,9329,4328,9360
4303,5274,4329,5279
4297,7999,4330,7999
4322,4854,4331,4870
4296,5203,4331,5237
4298,3857,4332,3873
4309,9400,4332,9453
4336,5947,4308,5947
4337,3999,4299,3993
4316,5695,4337,5724
4327,6026,4337,6037
4271,7268,4339,7337
4331,7430,4276,7423
4307,6866,4340,6856
4287,8228,4328,8251
4344,5063,4314,5072
4345,4560,4333,4572
4298,8634,4345,8674
4347,4997,4331,5009
4323,7911,4347,7918
4348,6114,4347,6131
4339,3814,4350,3819
4351,4576,4348,4607
4351,6613,4312,6645
4353,4523,4339,4538
4323,5739,4353,5739
4335,6104,4353,6101
4324,5986,4354,6014
4354,4455,4355,4492
4359,5457,4319,5478
4348,6469,4360,6534
4296,9220,4360,9182
4362,5077,4362,5102
4363,6159,4351,6214
4363,8805,4319,8861
4357,4970,4364,4972
4366,7461,4341,7482
4353,4383,4367,4427
4368,5134,4351,5139
4324,5354,4368,5361
4363,4537,4370,4566
4372,6751,4365,6810
4373,3314,4364,3399
4315,4936,4374,4925
4374,5174,4364,5209
4376,7203,4375,7229
4377,8425,4368,8477
4367,4613,4378,4664
4379,4877,4375,4908
4381,5284,4352,5308
4352,3962,4382,3971
4309,7108,4382,7134
4383,3689,4347,3741
4384,2960,4337,2995
4385,8140,4369,8179
4386,3186,4323,3170
4392,5035,4384,5061
4389,5533,4394,5569
4371,4253,4395,4307
4357,6445,4396,6435
4396,7630,4337,7665
4343,5432,4397,5425
4366,6404,4398,6369
4398,8679,4389,8705
4369,9380,4398,9361
4385,5614,4399,5645
4360,5815,4400,5834
4400,6291,4398,6322
4401,6012,4374,6024
4364,5721,4402,5727
4341,7840,4395,7835
4350,8727,4402,8763
4404,3015,4366,3052
4404,5235,4388,5244
4406,4762,4397,4783
4407,3906,4406,3921
4341,8318,4408,8344
4409,4038,4348,4048
4346,9281,4409,9303
4411,4947,4400,4994
4390,3642,4413,3638
4413,4364,4409,4396
4388,6692,4413,6718
4393,7533,4414,7586
4396,9159,4416,9217
4405,6541,4421,6591
4424,6088,4377,6090
4425,7731,4416,7763
4425,8840,4393,8855
4406,5788,4426,5820
4415,3438,4427,3544
4404,4819,4427,4836
4414,5062,4427,5078
4428,3371,4428,3397
4377,2725,4430,2780
4393,6834,4430,6829
4433,7870,4402,7910
4338,8925,4435,8945
4361,3884,4439,3891
4441,5359,4434,5372
4375,9056,4443,9040
4445,4588,4432,4591
4426,5254,4445,5259
4446,2822,4420,2858
4440,6268,4448,6334
4450,5878,4427,5950
4426,4909,4451,4946
4452,3113,4441,3167
4452,5754,4427,5777
4456,8188,4407,8263
4457,5492,4437,5574
4457,8433,4413,8424
4458,3987,4403,3962
4458,5055,4445,5075
4439,5205,4458,5212
4462,6188,4438,6209
4465,4196,4422,4196
4470,8261,4466,8296
4473,7991,4434,8037
4474,4404,4431,4435
4474,5126,4467,5155
4475,4092,4415,4115
4476,3753,4406,3757
4476,5626,4471,5647
4435,5316,4477,5339
4436,5696,4478,5713
4471,6423,4478,6483
4421,7474,4478,7476
4479,4979,4464,5009
4431,8536,4479,8607
4480,4310,4462,4327
4480,4488,4429,4539
4480,7158,4461,7222
4480,7635,4454,7690
4481,5287,4473,5296
4482,3211,4447,3244
4484,4842,4448,4887
4484,6646,4481,6681
4467,4808,4486,4807
4477,5923,4486,5952
4487,5387,4469,5417
4448,4771,4488,4783
4496,5272,4475,5272
4496,8480,4485,8515
4423,6914,4497,6973
4501,8658,4470,8658
4496,7785,4503,7843
4473,4377,4504,4403
4505,8296,4485,8348
4507,6552,4502,6572
4507,8093,4436,8109
4508,4547,4481,4560
4488,6512,4508,6491
4501,4434,4510,4458
4511,4926,4501,4951
4513,5563,4498,5593
4514,9062,4494,9102
4504,3300,4515,3371
4515,3414,4513,3483
4509,2959,4516,3000
4518,4031,4501,4054
4523,5627,4516,5660
4452,7389,4525,7436
4529,3914,4526,3970
4515,5785,4529,5824
4483,8751,4530,8826
4531,2685,4478,2702
4500,5446,4531,5455
4532,4257,4507,4277
4534,6287,4518,6310
4494,6045,4535,6069
4536,6164,4498,6207
4537,3720,4503,3739
4512,4143,4538,4189
4505,4910,4538,4920
4501,6884,4538,6901
4488,2847,4540,2829
4534,5203,4540,5221
4542,5368,4535,5394
4519,8709,4542,8729
4543,4282,4546,4330
4489,5171,4551,5139
4546,5435,4551,5472
4551,6988,4535,7032
4506,7554,4551,7599
4549,4261,4553,4269
4515,2935,4554,2936
4556,6324,4534,6331
4556,10842,4637,10966
4547,4700,4498,4684
4560,2746,4560,2765
4561,7673,4511,7619
4518,8418,4561,8513
4505,3635,4562,3599
4563,6673,4558,6772
4545,5995,4564,6045
4525,2782,4566,2778
4525,5239,4566,5249
4528,5502,4566,5539
4535,7118,4566,7130
4533,7359,4567,7387
4563,3364,4569,3411
4515,9315,4569,9330
4571,8193,4508,8186
4571,8812,4560,8854
4523,4069,4572,4076
4555,3457,4573,3497
4539,4973,4574,5002
4515,9154,4574,9167
4542,6455,4575,6488
4530,5291,4576,5299
4578,2703,4544,2735
4533,4866,4578,4861
4578,8127,4564,8158
4561,7198,4581,7203
4568,5955,4582,5967
4514,6832,4584,6838
4566,8110,4584,8095
4586,2984,4578,3042
4587,6512,4568,6527
4588,3082,4573,3125
4589,4628,4557,4624
4589,5733,4570,5757
4592,7881,4593,7959
4595,5785,4576,5805
4596,5433,4585,5451
4599,3307,4570,3314
4603,4534,4564,4568
4603,6103,4565,6154
4604,4685,4559,4740
4552,5683,4604,5683
4605,3171,4606,3195
4607,5323,4604,5343
4593,5399,4609,5395
4609,6167,4589,6200
4609,7774,4537,7757
4590,6416,4610,6440
4597,4789,4611,4792
4611,4808,4610,4808
4612,4269,4596,4284
4612,4809,4610,4821
4613,3770,4575,3817
4610,4889,4616,4931
4602,9049,4616,9100
4617,7420,4572,7504
4617,8483,4610,8554
4619,5199,4600,5224
4590,5548,4619,5587
4538,5050,4622,5067
4618,10624,4624,10646
4625,4801,4625,4807
4613,5890,4625,5935
4626,4823,4626,4860
4591,7078,4626,7077
4628,9219,4615,9329
4587,4046,4629,4045
4574,4451,4629,4454
4629,7830,4594,7847
4598,7614,4630,7574
4611,6299,4631,6318
4613,4221,4632,4220
4632,6775,4615,6802
4574,8281,4633,8352
4634,3395,4622,3435
4611,7630,4634,7654
4603,5479,4639,5514
4640,4751,4639,4775
4639,5197,4640,5219
4614,5814,4641,5866
4641,6678,4628,6707
4627,8792,4641,8841
4644,6844,4630,6911
4646,10647,4635,10808
4627,2978,4648,2980
4650,3307,4624,3329
4652,8923,4636,8938
4619,3487,4654,3506
4659,4767,4659,4778
4649,6493,4659,6599
4661,3596,4614,3584
4585,7186,4662,7205
4655,4680,4663,4711
4642,5442,4663,5449
4602,6999,4663,7014
4648,6000,4665,6032
4666,3137,4651,3181
4593,3228,4666,3259
4621,4390,4666,4423
4619,3076,4668,3091
4632,3935,4670,3992
4670,6099,4665,6133
4651,9211,4670,9215
4661,5472,4672,5493
4679,3784,4666,3796
4618,6366,4679,6367
4664,4743,4680,4740
4681,4799,4670,4822
4676,9443,4681,9469
4659,3471,4682,3483
4682,3701,4637,3703
4683,8040,4638,8095
4647,7883,4686,7928
4688,9061,4655,9082
4639,4176,4689,4209
4664,5530,4693,5542
4693,4846,4694,4864
4694,8376,4668,8395
4695,3635,4673,3668
4695,7109,4668,7139
4650,5705,4695,5720
4698,3347,4696,3384
4698,4355,4675,4367
4698,4682,4692,4698
4672,5587,4701,5605
4675,5233,4702,5276
4705,6877,4701,6934
4708,6453,4684,6487
4686,5848,4709,5895
4693,5494,4711,5495
4673,5019,4712,5027
4711,8735,4661,8768
4713,8657,4714,8658
4718,4796,4713,4832
4718,8219,4668,8275
4720,5748,4697,5785
4723,4214,4717,4232
4695,5371,4725,5421
4702,4403,4726,4457
4731,2916,4708,2984
4681,8977,4731,9020
4693,9395,4732,9395
4704,3187,4735,3216
4735,7735,4664,7798
4700,7446,4736,7494
4613,10530,4736,10541
4680,3060,4737,3073
4738,3388,4698,3434
4740,4034,4734,4049
4740,6659,4725,6742
4741,6201,4707,6236
4742,3647,4728,3683
4736,7000,4744,7084
4744,5570,4745,5591
4701,9463,4747,9531
4748,4513,4734,4514
4738,7994,4748,8027
4748,9140,4736,9217
4716,4282,4751,4336
4704,4936,4751,4950
4752,3771,4719,3788
4711,5472,4752,5472
4752,5653,4724,5636
4753,4109,4734,4126
4741,4608,4753,4652
4717,6354,4753,6400
4696,8464,4753,8477
4754,5906,4730,5952
4730,6822,4755,6840
4756,5281,4750,5305
4757,4179,4732,4194
4752,5536,4760,5567
4761,3703,4742,3742
4764,2928,4763,2952
4739,8087,4767,8112
4679,2771,4768,2822
4768,5666,4751,5689
4715,7283,4768,7338
4769,6523,4769,6603
4750,5241,4770,5278
4770,6036,4739,6032
4751,7920,4772,7938
4772,9313,4756,9355
4773,10400,4769,10411
4774,3790,4765,3807
4775,5512,4774,5512
4739,4985,4776,4988
4729,7642,4776,7640
4759,3203,4777,3209
4778,9627,4730,9631
4779,5062,4746,5123
4778,4112,4780,4148
4738,6284,4781,6321
4763,5409,4782,5408
4775,5545,4785,5554
4723,3587,4786,3595
4790,6103,4724,6147
4792,8904,4744,8899
4762,9114,4796,9126
4757,10764,4796,10790
4798,5512,4775,5513
4771,7586,4801,7572
4790,4515,4802,4547
4802,8947,4783,8974
4744,5790,4804,5806
4752,3975,4806,3976
4807,3239,4804,3279
4807,5891,4803,5924
4807,6384,4794,6429
4809,3427,4800,3478
4773,6930,4809,6974
4763,4882,4810,4936
4811,5580,4781,5585
4812,3358,4792,3404
4781,4596,4812,4606
4768,7209,4812,7233
4813,6898,4813,6920
4815,5066,4812,5086
4815,5314,4810,5380
4817,3048,4802,3089
4817,4386,4741,4383
4794,3709,4818,3728
4818,8774,4762,8806
4803,7911,4820,7942
4821,8298,4726,8296
4822,7067,4792,7073
4823,5447,4783,5438
4826,3112,4791,3149
4826,8074,4778,8065
4780,8002,4827,7980
4822,2963,4830,2996
4833,6809,4816,6869
4791,7259,4833,7293
4837,8920,4836,8943
4811,10192,4745,10211
4839,5493,4832,5524
4817,7673,4839,7685
4832,9208,4840,9236
4841,3787,4834,3799
4783,8660,4841,8703
4843,4178,4786,4224
4838,10153,4845,10189
4849,9634,4802,9678
4829,5751,4852,5772
4848,3222,4856,3269
4836,3542,4856,3566
4805,9192,4858,9174
4820,4678,4859,4670
4836,5692,4860,5693
4808,5545,4861,5550
4829,8335,4866,8364
4867,5125,4814,5129
4839,7635,4867,7662
4868,6197,4812,6226
4869,5827,4842,5885
4869,6524,4859,6559
4823,7507,4869,7551
4860,3708,4870,3772
4842,5391,4870,5384
4870,9089,4850,9113
4872,3378,4846,3412
4834,9402,4872,9457
4817,5228,4873,5244
4874,4105,4867,4126
4875,3930,4833,3932
4861,7926,4875,7956
4848,6327,4876,6332
4820,4748,4877,4803
4858,5352,4878,5356
4878,8426,4845,8428
4820,4468,4881,4464
4883,6792,4878,6816
4865,7808,4795,7827
4878,8623,4884,8651
4887,4356,4867,4390
4812,7126,4887,7187
4887,10222,4845,10239
4866,6755,4888,6755
4890,10710,4810,10731
4891,3966,4862,3993
4858,9540,4891,9566
4892,5474,4886,5517
4766,7407,4892,7393
4897,5606,4840,5637
4894,3286,4877,3292
4898,4968,4884,5063
4893,4010,4900,4053
4901,6190,4884,6209
4897,10029,4901,10064
4875,6135,4902,6133
4905,8050,4871,8082
4905,10369,4781,10432
4885,7863,4906,7907
4859,6591,4907,6637
4909,3438,4890,3463
4909,7066,4891,7124
4910,3379,4898,3418
4912,3797,4905,3820
4898,5100,4913,5128
4915,8709,4857,8730
4885,3628,4916,3694
4904,7788,4916,7802
4874,3532,4918,3581
4895,3166,4919,3185
4898,3270,4919,3305
4919,4622,4869,4629
4919,7958,4899,8000
4919,9320,4901,9342
4883,7755,4920,7743
4920,10088,4920,10097
4923,2847,4881,2890
4924,5290,4900,5298
4926,3955,4922,3966
4883,6045,4926,6101
4929,6887,4881,6947
4910,9975,4930,9983
4913,10763,4930,10760
4914,5214,4931,5196
4922,8809,4872,8802
4878,9010,4931,9013
4886,7634,4933,7636
4903,9284,4934,9265
4914,5629,4936,5666
4931,6533,4936,6569
4931,8392,4936,8425
4931,9582,4936,9617
4937,4646,4927,4684
4939,8875,4933,8910
4926,4767,4941,4825
4941,6364,4908,6465
4941,6637,4928,6681
4942,3761,4930,3778
4901,4852,4942,4864
4942,10200,4892,10204
4942,5519,4944,5580
4945,7869,4939,7887
4946,6268,4905,6289
4891,3079,4947,3128
4947,7528,4917,7536
4872,8240,4950,8226
4952,2853,4950,2880
4924,3000,4952,3059
4944,3443,4953,3494
4953,9767,4934,9853
4954,7673,4910,7698
4957,3891,4925,3912
4957,4960,4950,4993
4930,4020,4961,4058
4923,8375,4961,8377
4925,9476,4961,9490
4955,7288,4964,7318
4931,8772,4968,8790
4963,8894,4968,8925
4971,7474,4918,7492
4973,3359,4972,3398
4925,6237,4973,6235
4958,10589,4973,10611
4914,10791,4973,10817
4975,9144,4885,9129
4977,3774,4944,3800
4925,10520,4977,10518
4911,8579,4978,8642
4981,3232,4924,3251
4981,4381,4940,4422
4982,8073,4975,8111
4948,4334,4983,4341
4972,4595,4983,4631
4925,10726,4983,10690
4961,6777,4988,6795
4988,9068,4944,9087
4976,4138,4989,4179
4938,5748,4990,5780
4991,10275,4986,10312
4974,3983,4992,4008
4992,6900,4967,6927
4993,4246,4941,4219
4934,8158,4993,8162
4995,5127,4996,5158
4978,3718,4999,3716
4989,5704,5001,5732
5001,10045,4936,10074
4947,8487,5005,8535
4994,4663,5006,4702
5004,5024,5006,5097
5006,5293,4968,5339
5000,3015,5008,3039
5008,3920,4975,3963
4995,5396,5008,5434
5009,7698,4968,7724
5008,4839,5010,4889
5010,6637,4999,6684
5009,9777,5010,9806
5014,3442,5002,3475
5019,6076,4993,6125
5004,10397,5019,10412
4996,7741,5021,7788
5003,2869,5022,2908
5022,3100,4989,3111
4985,7143,5025,7190
5025,7515,5013,7574
5025,10504,5020,10521
5026,4121,5002,4143
5026,10163,5020,10183
5028,5576,4996,5590
4987,6566,5028,6583
5013,7828,5029,7867
5013,3206,5030,3252
5016,5957,5030,6006
5031,5622,4999,5642
5032,3521,4976,3550
4994,4498,5032,4554
5033,9744,4989,9736
4981,6524,5036,6505
5036,7421,5024,7434
4999,9211,5038,9254
5013,10149,5038,10119
5039,9850,5028,9873
5040,5777,5008,5840
5041,10005,5000,10016
5012,9956,5036,9956
5041,10546,5014,10591
4991,4784,5042,4768
5046,6804,5007,6836
5047,3852,5047,3888
5047,4046,5011,4049
4994,2816,5048,2821
5022,4189,5048,4225
5025,8085,5048,8141
5031,9911,5048,9932
5050,4077,5030,4089
5051,8173,5050,8202
5052,3638,5044,3738
5030,4735,5052,4716
5054,8398,5042,8427
5044,10258,5054,10303
4999,6194,5055,6236
5044,10364,5055,10430
5041,6919,5007,6917
5058,9769,5044,9795
5051,9604,4997,9628
5019,6058,5063,6073
5063,8934,5054,8970
5046,6723,5064,6741
5040,7241,5065,7284
5067,4569,5061,4594
5067,7893,5041,7932
5020,3394,5069,3428
5074,2930,5008,2955
5064,7856,5074,7862
5077,5740,5030,5761
5071,8133,5079,8168
5080,4272,5074,4293
5080,9826,5074,9854
5069,9916,5080,9928
5044,3610,5081,3620
5082,9334,4978,9345
5073,3005,5083,3030
5083,7839,5084,7855
5088,3245,5059,3293
5088,3356,5069,3363
5091,3091,5081,3096
5091,7942,5075,7965
5091,8635,5082,8716
5091,9771,5086,9791
5092,3307,5071,3319
5061,3993,5092,4026
5093,10582,5070,10585
5094,4142,5060,4164
5095,8842,5039,8847
5086,6667,5096,6681
5059,9534,5097,9555
5079,5603,5098,5616
5089,8472,5098,8502
5061,10048,5099,10101
5100,6363,5072,6383
5100,7997,5082,8031
5100,8338,5018,8318
5101,8953,5090,8984
5096,5309,5104,5352
5067,7795,5104,7797
5072,2968,5105,2973
5105,4486,5069,4507
5106,10145,5087,10144
5108,5389,5045,5382
5078,4538,5109,4562
5089,5891,5112,5912
5104,4270,5114,4282
5115,9054,5076,9082
5101,5523,5116,5537
5116,8782,5057,8788
5117,6854,5058,6874
5117,7614,5086,7641
5096,9149,5117,9206
5113,10734,5117,10765
5117,5210,5118,5239
5119,6454,5044,6441
5106,10433,5119,10463
5084,10485,5119,10488
5105,10224,5122,10269
5087,6627,5124,6641
5090,10382,5124,10396
5125,3246,5114,3263
5125,9986,5125,10024
5124,3934,5126,3997
5103,7231,5126,7292
5094,9717,5127,9756
5060,4996,5129,5061
5124,8003,5129,8031
5080,7382,5131,7473
5132,5139,5117,5159
5132,5445,5120,5458
5133,3714,5124,3787
5134,2787,5118,2868
5083,6951,5134,6927
5135,10610,5108,10646
5136,5605,5131,5674
5137,8893,5136,8961
5135,9360,5137,9392
5116,9856,5137,9887
5089,9643,5138,9643
5139,6328,5134,6354
5139,9294,5111,9306
5140,4322,5110,4355
5142,8369,5115,8380
5143,5941,5088,5941
5089,3892,5144,3885
5145,3532,5133,3591
5126,9795,5146,9817
5080,6167,5147,6229
5147,8094,5127,8095
5149,4504,5119,4525
5100,4716,5149,4744
5092,4831,5149,4858
5125,8438,5149,8452
5121,9962,5149,9949
5150,5765,5140,5810
5138,4261,5151,4271
5130,3007,5152,3056
5153,8548,5116,8577
5130,8690,5154,8721
5135,8866,5154,8847
5155,3313,5158,3357
5128,4958,5158,4987
5130,6823,5159,6833
5161,7864,5107,7866
5129,4084,5161,4072
5163,3816,5164,3830
5165,10036,5161,10048
5165,10111,5164,10158
5141,7094,5167,7134
5167,9711,5164,9743
5155,8666,5170,8688
5160,9431,5170,9474
5153,7770,5171,7793
5130,6955,5173,6993
5156,5271,5176,5338
5176,5477,5154,5478
5163,4172,5177,4211
5178,8387,5156,8397
5182,10484,5146,10490
5183,6767,5115,6768
5183,9070,5151,9106
5184,4656,5163,4716
5184,6110,5155,6175
5184,7959,5140,7965
5186,8475,5146,8468
5178,2941,5190,2963
5190,9795,5172,9828
5145,9840,5190,9854
5186,5050,5192,5067
5192,6640,5160,6685
5168,9890,5192,9920
5193,3946,5158,3938
5172,6568,5194,6581
5156,4382,5195,4445
5195,7045,5195,7089
5191,10103,5196,10120
5197,4596,5163,4589
5183,6522,5200,6545
5201,9133,5149,9173
5170,8235,5202,8269
5170,4054,5203,4058
5178,4983,5203,5003
5187,4204,5204,4232
5179,4334,5204,4335
5206,3002,5193,3029
5188,5629,5206,5669
5206,7285,5206,7358
5205,10248,5157,10255
5207,3369,5172,3399
5176,10451,5207,10464
5163,10618,5207,10678
5182,2863,5208,2910
5163,9523,5210,9580
5211,5809,5166,5848
5212,4346,5202,4372
5212,7134,5202,7192
5191,3070,5213,3115
5188,5700,5213,5717
5213,9325,5167,9375
5214,3758,5197,3781
5214,5396,5182,5408
5214,5987,5136,6023
5214,8845,5211,8870
5216,7986,5194,8007
5217,10149,5206,10174
5201,6311,5218,6358
5219,3240,5203,3279
5219,7419,5193,7432
5219,8514,5205,8539
5225,3984,5186,4000
5196,8149,5226,8198
5195,10039,5228,10070
5224,6133,5229,6158
5232,4149,5194,4167
5232,9971,5211,9986
5233,4436,5234,4468
5234,7519,5235,7606
5208,8963,5235,8988
5155,7688,5236,7694
5237,4101,5232,4120
5194,5906,5237,5925
5238,9717,5208,9736
5191,3699,5239,3701
5215,6853,5239,6877
5240,9407,5214,9457
5242,10522,5240,10562
5200,4720,5243,4763
5243,6564,5244,6606
5247,10068,5240,10096
5248,5635,5231,5663
5237,3336,5249,3384
5251,4036,5229,4086
5256,3747,5248,3779
5251,7911,5257,7979
5257,10570,5213,10596
5258,8071,5246,8112
5247,7884,5259,7895
5239,4854,5261,4915
5261,5507,5234,5559
5257,8480,5261,8501
5236,10406,5261,10453
5254,9877,5262,9895
5263,7230,5259,7234
5264,5405,5247,5461
5265,3818,5253,3856
5265,8742,5239,8806
5217,10339,5265,10362
5266,9104,5254,9220
5250,7312,5267,7328
5267,8030,5253,8017
5246,3513,5225,3522
5217,8429,5270,8407
5263,9658,5272,9697
5250,9929,5276,9947
5272,6899,5279,6950
5260,6061,5280,6090
5245,8592,5280,8670
5279,10645,5266,10649
5239,5225,5281,5267
5283,3858,5269,3879
5261,3060,5284,3107
5230,4966,5284,5015
5262,9786,5272,9786
5233,2958,5286,2941
5256,4134,5286,4147
5286,5856,5235,5866
5234,8541,5286,8548
5287,3445,5268,3467
5287,7694,5274,7770
5288,6692,5257,6691
5289,9828,5285,9853
5239,6810,5290,6816
5264,7044,5290,7071
5285,2909,5293,2916
5294,4540,5291,4565
5278,7495,5294,7509
5257,3236,5297,3245
5266,5735,5298,5794
5298,9784,5285,9806
5273,10133,5299,10130
5299,9039,5301,9057
5305,3132,5276,3123
5306,3164,5284,3190
5296,4039,5307,4067
5287,7869,5308,7893
5303,9920,5308,9953
5301,5386,5309,5416
5312,9854,5315,9883
5274,5977,5316,6008
5316,9447,5288,9487
5318,9597,5276,9641
5318,9687,5316,9699
5293,9748,5318,9734
5319,3779,5298,3792
5319,9989,5294,10026
5294,3482,5322,3518
5283,6530,5322,6590
5322,8486,5290,8490
5278,4521,5323,4468
5323,8907,5271,8933
5326,4314,5319,4362
5280,10615,5329,10609
5309,10547,5329,10554
5308,9203,5332,9222
5333,3321,5282,3324
5334,6213,5284,6228
5336,6721,5270,6741
5337,3656,5288,3665
5337,10693,5325,10727
5339,4427,5293,4424
5298,5567,5340,5572
5280,10251,5340,10290
5341,10664,5317,10642
5346,6849,5333,6889
5341,4616,5305,4623
5345,8684,5347,8730
5325,9801,5347,9821
5348,9891,5333,9899
5335,10085,5348,10118
5349,3778,5332,3811
5350,9956,5322,9945
5352,9616,5337,9632
5353,5151,5291,5187
5354,7582,5322,7589
5326,8613,5354,8649
5342,3417,5355,3465
5355,3562,5316,3549
5313,6394,5355,6387
5337,9028,5355,9038
5313,8126,5358,8118
5359,2776,5300,2817
5346,2975,5360,3026
5360,7332,5308,7416
5360,5302,5363,5363
5363,9319,5315,9388
5364,10720,5351,10758
5343,4779,5366,4866
5367,5669,5327,5729
5367,6884,5364,6925
5367,9048,5351,9115
5359,10376,5368,10403
5368,4467,5369,4498
5328,8959,5369,8943
5373,3174,5327,3224
5375,7739,5329,7728
5334,6462,5376,6502
5355,9725,5376,9726
5377,4556,5347,4583
5380,4919,5309,4938
5380,10483,5348,10498
5381,3864,5331,3876
5381,3909,5340,3930
5343,4169,5381,4183
5361,4370,5381,4403
5381,7161,5317,7195
5382,9746,5371,9751
5383,3048,5351,3050
5384,3408,5384,3420
5385,3954,5355,3986
5365,2815,5387,2833
5373,7986,5387,8015
5359,10567,5388,10602
5345,4116,5389,4143
5378,7839,5389,7912
5390,10169,5354,10203
5371,9540,5391,9553
5326,8343,5393,8364
5377,9913,5395,9925
5362,8061,5399,8070
5399,10347,5374,10356
5400,9116,5400,9142
5399,2745,5401,2797
5378,9255,5399,9259
5404,4081,5404,4115
5404,6837,5384,6852
5404,9991,5361,9974
5404,10045,5378,10084
5401,9306,5405,9323
5404,5941,5408,6023
5408,7454,5390,7484
5389,8394,5409,8418
5411,9516,5372,9503
5412,9455,5402,9471
5382,9783,5412,9801
5389,8703,5417,8727
5418,4181,5402,4209
5418,10230,5383,10269
5419,4428,5405,4469
5408,9203,5419,9257
5391,5515,5420,5552
5423,4315,5407,4360
5423,5262,5409,5305
5378,10503,5423,10550
5424,4249,5367,4274
5383,6585,5424,6621
5401,3472,5425,3506
5416,3803,5426,3880
5427,7627,5346,7615
5428,8163,5357,8177
5429,4959,5376,5016
5429,9501,5427,9521
5409,10719,5430,10739
5431,6861,5412,6887
5431,10388,5405,10443
5432,5211,5431,5238
5380,3125,5433,3136
5394,9425,5434,9449
5412,5102,5435,5171
5417,8361,5435,8377
5411,5884,5436,5890
5436,8048,5432,8065
5429,4502,5437,4538
5437,4672,5383,4655
5437,10089,5405,10135
5439,7228,5388,7261
5441,4007,5442,4044
5378,6801,5443,6810
5445,10473,5437,10497
5376,2975,5447,2956
5428,9736,5416,9738
5451,4757,5416,4783
5399,6402,5453,6438
5453,9755,5452,9759
5415,3928,5454,3948
5406,6316,5455,6377
5456,3323,5422,3364
5456,3362,5452,3376
5438,7527,5457,7535
5450,7797,5459,7873
5461,3732,5417,3733
5465,4812,5460,4885
5403,9867,5465,9892
5466,6121,5445,6182
5397,8259,5466,8284
5453,10312,5463,10319
5465,4133,5468,4193
5468,5452,5464,5487
5453,10157,5468,10175
5431,3444,5469,3466
5469,10536,5466,10553
5470,6523,5467,6548
5460,7628,5471,7645
5466,10585,5471,10613
5441,3008,5474,3021
5462,3785,5474,3822
5474,4607,5413,4590
5474,8757,5444,8794
5469,9947,5474,9958
5475,3576,5437,3611
5475,7388,5436,7429
5428,8978,5475,9033
5468,9059,5435,9070
5461,10258,5475,10267
5461,8018,5476,8026
5458,2926,5477,2948
5477,9804,5477,9820
5478,8095,5449,8108
5464,6748,5479,6782
5449,9675,5479,9734
5435,7935,5481,7983
5453,9981,5482,10009
5413,3227,5483,3239
5473,5056,5483,5084
5483,8038,5476,8039
5483,8055,5480,8063
5462,10203,5483,10243
5484,9303,5466,9367
5486,3258,5478,3278
5489,10395,5458,10427
5481,7995,5490,8020
5491,9757,5477,9776
5493,9573,5430,9558
5495,10564,5493,10580
5484,3301,5496,3326
5476,9128,5496,9156
5493,8191,5497,8215
5499,5224,5482,5276
5499,9221,5465,9251
5467,5965,5503,5987
5491,9455,5503,9475
5485,3991,5504,4004
5486,6664,5504,6714
5509,7989,5509,8007
5511,5119,5490,5139
5479,10167,5511,10182
5439,6059,5512,6071
5464,8657,5513,8667
5514,4699,5461,4700
5515,8026,5509,8031
5468,8571,5515,8611
5513,9926,5515,9930
5488,7614,5517,7628
5517,7682,5496,7693
5451,2857,5519,2837
5519,7901,5484,7920
5500,6571,5520,6588
5521,4257,5486,4287
5521,6287,5507,6312
5498,6347,5524,6384
5525,8063,5489,8052
5520,9864,5526,9917
5491,7074,5527,7055
5513,8813,5527,8852
5466,10346,5527,10346
5507,4048,5528,4099
5528,5519,5464,5551
5519,7998,5530,7999
5500,10283,5531,10275
5496,7436,5537,7472
5539,4398,5504,4436
5511,9065,5539,9063
5513,7236,5540,7274
5541,6133,5512,6160
5522,7140,5541,7159
5541,10391,5531,10437
5542,3121,5490,3166
5543,3846,5519,3886
5542,9363,5531,9376
5544,3573,5530,3564
5501,4217,5545,4200
5498,4747,5545,4767
5531,5721,5545,5744
5535,5777,5505,5755
5547,3420,5541,3478
5548,6865,5533,6931
5549,9444,5526,9456
5506,5051,5551,5081
5538,2732,5554,2801
5501,4525,5554,4567
5555,8100,5546,8117
5556,7814,5533,7825
5556,9802,5523,9802
5555,8931,5557,8995
5559,9287,5556,9316
5560,2993,5537,3045
5488,5375,5560,5404
5517,9754,5560,9749
5550,8019,5562,8025
5548,8077,5562,8063
5562,9606,5556,9649
5531,7768,5564,7710
5567,3235,5557,3258
5540,4331,5567,4392
5568,6736,5537,6754
5557,9818,5568,9820
5536,6718,5571,6693
5572,8418,5472,8465
5572,10030,5567,10050
5574,4872,5570,4912
5513,8362,5575,8330
5514,8191,5576,8236
5543,9348,5576,9355
5574,4461,5577,4494
5580,8041,5551,8038
5583,3618,5550,3623
5575,7998,5583,8011
5584,4113,5558,4139
5580,9040,5586,9087
5587,9919,5542,9985
5587,10140,5584,10207
5532,10240,5588,10261
5549,5823,5589,5848
5584,3763,5591,3811
5592,3308,5587,3355
5564,5991,5593,6037
5594,2962,5592,2980
5579,6604,5596,6636
5596,7352,5524,7350
5596,9145,5530,9150
5597,2716,5585,2726
5576,3893,5597,3924
5549,7546,5597,7608
5568,5459,5599,5527
5599,5600,5539,5646
5599,10522,5529,10515
5585,9894,5601,9889
5602,9498,5591,9536
5584,3998,5603,4013
5600,6085,5603,6142
5604,5098,5598,5115
5604,6439,5540,6485
5605,10676,5606,10692
5579,5231,5607,5231
5580,10073,5607,10071
5608,9430,5575,9453
5611,7829,5582,7869
5566,10316,5611,10316
5612,3370,5574,3381
5613,9235,5610,9254
5596,3479,5616,3496
5609,9325,5616,9340
5617,4525,5618,4555
5606,3648,5623,3673
5612,9290,5623,9286
5582,8156,5625,8179
5626,2812,5599,2796
5628,7387,5597,7408
5548,3709,5629,3732
5614,5322,5629,5404
5607,5146,5630,5142
5635,6965,5555,7012
5636,10017,5609,10036
5638,10427,5572,10414
5640,10202,5623,10231
5641,10595,5613,10605
5638,4149,5597,4144
5643,7029,5623,7058
5580,9692,5643,9724
5620,9999,5643,9976
5644,4014,5621,4040
5645,4086,5643,4106
5563,6235,5645,6256
5586,4610,5646,4638
5648,7199,5573,7221
5597,3073,5651,3106
5621,5004,5651,5036
5651,5887,5561,5892
5651,9547,5603,9601
5652,5242,5605,5253
5605,6544,5652,6574
5653,4183,5618,4236
5653,9150,5650,9169
5654,8683,5609,8711
5656,4337,5630,4321
5656,10538,5627,10519
5658,7600,5642,7608
5617,2883,5659,2926
5635,10292,5659,10311
5660,9373,5647,9379
5605,6367,5661,6424
5661,10076,5652,10088
5662,7450,5613,7475
5665,9647,5654,9658
5656,3417,5667,3452
5668,10119,5641,10117
5650,4433,5669,4463
5658,3311,5670,3363
5670,9901,5647,9913
5646,3803,5672,3901
5672,4132,5667,4156
5653,9046,5673,9069
5646,9215,5673,9217
5673,9367,5673,9385
5679,3766,5659,3773
5670,10186,5679,10214
5649,7914,5684,7961
5663,8055,5685,8107
5674,9330,5685,9335
5606,4954,5686,4954
5626,5550,5686,5607
5673,2852,5687,2893
5690,3200,5617,3233
5690,9416,5647,9421
5667,10244,5691,10244
5675,4075,5693,4110
5693,7640,5633,7718
5694,9164,5684,9192
5692,10048,5695,10082
5696,5305,5658,5350
5697,3681,5673,3698
5628,7553,5697,7570
5692,3529,5662,3524
5684,7017,5699,7049
5670,10031,5699,10030
5702,5051,5660,5088
5702,6572,5679,6617
5702,8733,5687,8830
5702,9893,5685,9913
5616,8554,5704,8568
5704,9253,5686,9295
5693,9687,5705,9723
5706,5118,5682,5123
5660,6684,5706,6719
5707,3603,5682,3624
5707,4545,5701,4568
5650,2652,5709,2677
5656,6512,5709,6521
5711,7801,5656,7841
5635,9806,5711,9805
5713,5942,5662,5974
5664,9600,5713,9594
5715,8892,5683,8985
5716,4366,5644,4370
5719,8339,5664,8382
5716,9491,5724,9510
5702,3335,5725,3357
5726,4001,5719,4033
5722,8707,5729,8740
5731,2948,5725,2992
5732,2743,5699,2787
5691,7283,5733,7370
5696,3094,5736,3108
5736,5059,5731,5061
5703,4842,5738,4911
5716,5446,5738,5532
5739,10057,5724,10051
5703,9996,5740,9964
5741,5112,5711,5175
5741,9446,5739,9448
5741,10151,5719,10184
5699,3474,5742,3497
5716,9540,5743,9560
5744,8150,5690,8152
5747,8041,5722,8050
5746,10072,5747,10085
5727,9333,5750,9332
5741,7780,5753,7817
5754,4061,5706,4078
5721,7011,5755,7042
5733,3738,5756,3719
5757,3603,5730,3656
5718,8238,5757,8283
5759,10327,5727,10375
5726,10283,5757,10283
5757,7204,5760,7259
5727,3233,5761,3233
5762,9066,5760,9129
5762,9622,5754,9646
5732,8305,5763,8345
5767,4729,5647,4747
5769,4951,5769,5013
5771,5324,5753,5342
5771,9823,5770,9892
5715,4500,5774,4509
5774,9357,5738,9374
5772,10208,5775,10225
5769,8883,5777,8919
5732,7118,5778,7154
5779,9204,5725,9211
5762,8952,5781,8976
5782,5252,5773,5273
5727,3041,5784,3038
5784,4196,5735,4224
5717,5771,5784,5808
5784,9450,5771,9493
5785,3763,5753,3771
5787,3834,5752,3856
5788,9600,5752,9611
5773,10175,5789,10181
5790,2777,5780,2821
5791,10072,5774,10092
5789,4587,5793,4661
5705,7717,5794,7708
5759,3372,5795,3398
5799,3470,5782,3465
5798,9941,5800,9980
5755,4298,5802,4310
5803,7152,5785,7173
5803,9327,5772,9328
5804,5345,5790,5361
5745,7951,5800,7946
5802,2895,5805,2948
5805,9217,5805,9231
5806,8037,5802,8069
5768,3178,5808,3205
5793,7792,5808,7845
5759,7460,5810,7492
5811,3749,5795,3780
5811,10266,5798,10290
5813,3098,5807,3164
5813,7236,5798,7279
5817,9671,5792,9698
5818,3487,5816,3513
5798,4344,5818,4365
5819,9819,5818,9855
5799,3265,5825,3286
5801,3344,5826,3341
5826,8189,5800,8222
5827,5016,5827,5021
5811,3665,5828,3719
5829,5432,5814,5455
5773,9285,5831,9272
5832,7886,5831,7886
5832,9537,5833,9577
5829,9736,5833,9791
5834,7358,5813,7347
5817,5118,5835,5128
5828,5133,5835,5165
5775,7545,5836,7556
5836,10197,5795,10215
5836,10289,5824,10299
5817,8129,5837,8094
5839,2720,5813,2750
5824,9948,5839,9970
5840,7967,5804,7990
5804,9130,5840,9186
5841,9387,5773,9400
5828,10270,5843,10257
5796,8682,5844,8716
5846,3003,5837,3049
5847,9453,5819,9474
5849,3918,5785,3934
5852,4830,5812,4865
5852,5235,5843,5257
5847,4643,5854,4699
5854,10056,5794,10033
5855,5835,5795,5881
5855,7119,5843,7138
5839,10242,5855,10247
5805,4157,5856,4187
5815,9015,5857,9074
5858,3557,5819,3585
5827,4230,5858,4249
5783,4426,5858,4499
5860,5575,5803,5636
5845,3162,5866,3179
5869,7165,5841,7180
5870,3331,5869,3384
5871,7899,5866,7940
5841,5357,5872,5374
5872,8547,5787,8613
5873,5705,5859,5735
5805,8257,5873,8292
5874,9690,5856,9701
5821,7050,5875,7071
5876,4768,5822,4790
5862,9911,5878,9937
5823,5906,5879,5946
5882,3608,5876,3634
5836,7374,5884,7423
5815,5298,5885,5300
5886,5173,5882,5240
5865,3797,5889,3823
5852,4912,5890,4884
5847,10092,5890,10088
5891,9499,5873,9520
5860,3213,5892,3249
5886,4692,5895,4719
5877,5068,5895,5089
5895,9111,5889,9134
5897,8924,5887,8939
5893,7716,5844,7705
5898,7999,5858,8043
5878,9037,5900,9036
5902,9714,5885,9711
5828,4070,5905,4001
5906,10142,5849,10146
5909,7791,5908,7823
5911,5594,5882,5628
5898,7150,5911,7182
5912,9273,5873,9270
5914,9777,5877,9775
5890,10277,5915,10295
5917,2677,5886,2736
5917,5784,5893,5810
5917,8342,5908,8378
5897,4118,5918,4165
5919,5412,5909,5427
5920,10209,5908,10261
5922,2883,5867,2937
5922,8778,5828,8794
5923,3492,5902,3540
5923,9820,5882,9862
5928,2755,5904,2789
5928,4788,5878,4801
5926,9517,5928,9524
5833,2570,5929,2606
5929,7734,5915,7765
5929,9058,5920,9096
5930,3733,5911,3767
5898,7655,5930,7656
5931,10047,5929,10080
5911,3300,5933,3327
5934,5043,5910,5061
5913,9212,5936,9245
5934,7856,5937,7903
5937,9358,5927,9381
5905,9002,5940,9002
5905,5338,5941,5373
5893,3161,5945,3172
5945,9543,5911,9588
5949,4518,5936,4561
5952,4281,5931,4312
5904,8636,5953,8691
5956,2407,5933,2553
5956,8036,5924,8042
5914,3943,5957,3951
5957,7339,5920,7396
5947,3619,5958,3625
5926,5864,5961,5828
5957,9190,5961,9219
5946,10224,5961,10236
5956,9381,5962,9399
5965,4356,5952,4414
5963,4051,5967,4121
5967,5279,5959,5330
5926,3105,5968,3101
5970,2597,5968,2653
5901,4423,5970,4466
5971,9752,5959,9770
5973,2920,5954,2939
5973,9997,5900,10015
5966,3286,5974,3333
5975,3034,5916,3028
5975,5491,5911,5492
5965,7825,5976,7870
5977,3542,5957,3553
5960,3896,5977,3914
5965,7813,5977,7808
5977,9598,5948,9628
5979,4957,5883,4992
5945,9274,5980,9287
5981,9429,5973,9445
5967,5128,5988,5134
5988,8037,5977,8102
5989,3480,5989,3515
5989,7741,5969,7743
5989,9493,5947,9479
5961,9098,5990,9144
5991,9221,5968,9243
5970,8272,5992,8336
5994,4256,5995,4301
5996,8886,5918,8878
5998,7398,5988,7431
5938,9677,5998,9697
5938,5676,6000,5697
6000,9191,5982,9193
6001,4208,5972,4199
6005,9809,5975,9847
5965,7694,6007,7713
6011,3914,6002,3942
5974,9372,6011,9369
5975,5217,6016,5235
6008,9300,6016,9313
5988,9625,6018,9632
6019,7569,5987,7613
5985,8817,6020,8841
6008,9563,6020,9593
5992,4112,6026,4105
6027,3699,6008,3782
6014,3378,6030,3386
5986,5054,6030,5067
6030,8733,6016,8785
6031,4551,6027,4612
6032,9853,6023,9905
6009,2946,6034,2975
6011,9497,6034,9500
5981,4004,6036,4008
6012,4401,6036,4441
6038,5524,6025,5562
6038,9693,6029,9729
6039,5410,6024,5422
6039,9371,6035,9412
6041,8079,6027,8098
6008,9520,6042,9549
6007,8468,6043,8516
6036,9467,6043,9463
6043,10223,5973,10252
6049,8154,6004,8184
6016,2789,6051,2909
6055,3801,6013,3834
6034,3297,6057,3370
6057,4658,6024,4671
6058,3053,6042,3109
6058,8620,6027,8644
6049,9086,6059,9112
6060,2586,6041,2613
6023,3649,6061,3686
6048,7294,6061,7395
6061,8968,6047,8983
5999,7957,6063,7981
6054,7674,6066,7696
6068,10120,6035,10168
6071,4863,6037,4948
6044,5722,6071,5757
6068,9161,6071,9216
6019,3515,6072,3542
6072,7563,6044,7601
6073,8876,6033,8948
6070,3639,6074,3652
6075,2660,6061,2725
6074,9511,6076,9533
6050,9300,6073,9299
6078,2967,6067,2996
6073,8469,6078,8470
6078,8735,6052,8756
6078,4427,6081,4458
6056,9589,6081,9600
6071,7865,6082,7885
6052,7797,6084,7836
6088,3105,6076,3193
6090,5474,6059,5507
6091,7738,6071,7751
6077,9319,6093,9352
6094,10157,6084,10194
6099,4238,6066,4247
6099,4661,6070,4685
6100,9900,6070,9932
6102,3285,6082,3300
6103,4768,6034,4740
6106,9266,6094,9283
6094,8949,6107,8989
6113,5658,6096,5687
6113,9370,6067,9380
6088,9547,6115,9555
6116,3188,6112,3219
6048,8589,6117,8604
6123,9629,6070,9631
6124,10026,6057,9994
6081,4150,6125,4142
6083,4346,6126,4378
6106,3595,6127,3650
6098,3720,6131,3738
6101,9473,6132,9497
6093,3480,6133,3493
6101,8538,6133,8545
6098,9121,6134,9127
6114,7970,6138,7987
6051,5402,6142,5404
6139,9511,6145,9524
6146,3786,6135,3831
6063,9794,6146,9754
6148,5200,6076,5220
6102,7652,6153,7693
6153,8506,6124,8518
6147,10146,6153,10186
6151,4726,6154,4789
6122,7763,6154,7772
6154,8063,6114,8030
6130,2749,6157,2785
6158,4544,6089,4537
6105,8837,6158,8835
6160,3281,6149,3303
6160,9394,6114,9427
6113,4901,6161,4924
6164,9023,6156,9048
6167,4325,6139,4344
6141,7810,6168,7829
6168,8083,6147,8081
6123,9833,6168,9843
6135,2841,6171,2860
6174,2704,6169,2719
6158,9320,6174,9344
6124,8753,6177,8762
6178,4968,6153,4990
6173,3531,6180,3556
6118,5541,6182,5551
6160,4284,6185,4292
6188,5246,6168,5314
6165,8950,6190,9002
6192,5055,6167,5058
6163,4030,6130,4037
6165,8133,6194,8172
6195,4831,6177,4867
6197,9505,6190,9531
6200,4627,6146,4617
6202,9423,6180,9433
6206,4074,6189,4133
6148,7745,6207,7731
6159,9467,6207,9464
6208,4477,6198,4503
6193,7694,6210,7693
6211,3037,6131,3071
6212,8253,6159,8229
6130,3354,6220,3372
6220,9944,6182,9964
6159,8673,6227,8680
6225,2962,6228,2981
6228,8312,6150,8374
6229,8577,6186,8590
6230,10092,6228,10171
6231,5445,6207,5495
6235,3918,6193,3966
6176,4229,6235,4252
6201,5376,6236,5364
6240,7900,6169,7885
6238,5243,6241,5267
6246,3050,6224,3073
6248,8917,6213,8927
6251,4351,6180,4372
6222,5158,6252,5207
6241,9376,6252,9381
6253,3761,6243,3796
6226,10050,6254,10087
6215,8089,6255,8120
6258,3451,6219,3521
6243,4898,6258,4913
6243,5559,6258,5611
6261,3660,6234,3715
6262,4012,6241,4047
6234,2697,6266,2734
6269,2882,6245,2932
6269,7775,6214,7781
6272,8264,6272,8279
6277,4457,6257,4537
6228,3287,6278,3311
6282,5368,6270,5376
6274,7704,6283,7740
6285,3541,6250,3574
6265,3818,6285,3866
6288,5469,6282,5507
6247,3216,6290,3215
6290,8942,6256,8955
6294,4100,6263,4145
6286,3715,6296,3767
6226,4727,6298,4737
6272,4630,6303,4662
6308,4346,6284,4410
6310,3333,6277,3352
6313,7825,6285,7839
6307,5583,6315,5606
6261,8057,6318,8076
6273,8612,6318,8614
6301,7716,6320,7723
6326,3169,6323,3203
6311,10210,6333,10346
6327,3905,6335,3933
6304,7951,6337,7998
6278,10017,6344,10062
6345,5534,6329,5541
6346,8836,6311,8882
6289,2787,6347,2842
6317,4976,6347,5016
6347,7779,6342,7799
6352,3307,6345,3338
6355,3813,6352,3837
6339,5682,6357,5693
6313,2684,6359,2750
6359,4828,6326,4868
6361,3196,6350,3258
6362,3352,6344,3354
6362,4109,6353,4155
6363,2929,6292,2985
6319,3568,6367,3581
6340,3752,6369,3764
6310,4519,6372,4530
6374,2980,6370,2990
6310,7851,6374,7877
6341,4752,6375,4758
6354,4986,6378,4983
6375,7817,6381,7814
6360,4855,6383,4876
6328,5385,6384,5418
6315,8732,6384,8746
6334,3976,6386,3998
6390,5033,6397,5047
6358,3472,6399,3469
6341,4043,6399,4054
6399,4238,6322,4250
6398,4450,6404,4481
6404,8849,6378,8858
6386,3549,6405,3588
6406,4592,6363,4607
6406,4710,6368,4727
6392,5596,6409,5616
6370,3784,6411,3801
6397,3275,6418,3285
6370,3522,6418,3518
6419,4919,6387,4941
6419,5644,6391,5662
6428,4118,6413,4169
6428,5133,6402,5140
6416,4223,6429,4251
6429,4557,6426,4613
6431,10411,6352,10399
6432,3666,6430,3717
6434,3121,6424,3133
6398,3230,6436,3228
6436,8800,6436,8844
6428,5548,6437,5607
6440,4323,6437,4356
6442,2948,6401,2978
6378,3077,6444,3059
6446,3744,6427,3751
6411,3361,6457,3413
6457,8891,6421,8892
6467,5058,6427,5075
6427,4857,6469,4901
6462,2597,6471,2698
6471,8834,6470,8859
6424,10338,6475,10317
6482,5148,6448,5175
6483,4005,6435,4044
6483,4950,6456,4985
6459,5374,6486,5415
6452,2845,6491,2906
6492,5031,6495,5050
6477,4271,6497,4325
6499,5348,6499,5379
6458,3171,6500,3202
6500,4176,6492,4212
6461,3146,6504,3125
6485,3252,6507,3275
6440,4820,6507,4793
6500,4378,6510,4421
6474,4626,6511,4625
6507,2956,6518,3008
6461,8741,6520,8772
6521,3561,6516,3607
6522,5441,6462,5489
6524,5128,6522,5189
6525,5074,6483,5092
6531,3723,6496,3745
6539,4974,6537,4998
6542,3829,6469,3799
6537,5085,6544,5109
6508,3317,6547,3352
6551,3948,6554,3982
6539,2808,6559,2862
6559,5255,6484,5262
6532,5520,6559,5586
6490,8687,6497,8651
6562,4534,6522,4566
6538,5713,6482,5706
6566,5040,6565,5084
6572,3704,6561,3749
6550,3890,6572,3917
6553,3259,6574,3271
6565,5637,6574,5680
6576,4686,6485,4700
6562,4891,6579,4936
6558,4346,6585,4358
6532,4089,6585,4118
6590,4760,6593,4816
6596,5303,6555,5345
6577,4211,6600,4236
6575,5208,6603,5209
6604,5412,6575,5406
6573,3383,6605,3412
6602,3451,6554,3465
6608,5544,6609,5560
6588,3865,6612,3901
6614,4438,6585,4468
6623,2956,6597,2970
6597,2933,6618,2925
6626,5619,6587,5639
6628,4687,6607,4709
6623,5009,6628,5074
6629,4115,6586,4155
6605,3497,6630,3528
6617,4234,6632,4249
6633,5728,6622,5751
6631,3919,6641,3934
6645,2732,6611,2748
6648,3974,6607,3994
6613,8704,6651,8775
6647,2873,6635,2883
6657,4337,6621,4391
6628,4573,6663,4625
6667,3614,6602,3629
6671,3806,6626,3787
6678,3859,6653,3889
6659,4807,6679,4879
6685,4197,6673,4220
6602,5926,6626,5876
6607,2692,6704,2563
6638,3252,6704,3312
6706,3981,6662,4027
6707,3553,6656,3550
6682,3482,6706,3482
6707,5689,6681,5707
6687,3125,6713,3124
6718,5497,6699,5520
6660,4462,6719,4483
6671,2987,6722,2989
6722,4210,6708,4251
6710,4383,6723,4440
6725,5344,6645,5336
6724,5070,6727,5108
6731,4657,6693,4659
6736,5155,6684,5152
6694,3382,6738,3419
6730,2906,6739,2930
6690,4961,6739,4979
6677,5278,6739,5262
6740,4822,6733,4850
6704,3083,6744,3080
6744,4298,6684,4285
6662,3699,6745,3734
6710,4725,6749,4793
6700,3884,6752,3922
6704,5600,6757,5634
6712,5436,6758,5449
6761,5710,6727,5780
6762,3458,6755,3470
6763,3322,6746,3352
6770,3544,6767,3585
6704,4590,6771,4606
6771,5488,6756,5534
6737,4142,6772,4171
6773,2760,6652,2821
6782,5025,6778,5107
6766,4081,6783,4070
6783,4486,6759,4515
6725,4022,6784,4038
6741,3610,6788,3670
6753,4916,6789,4950
6793,3199,6771,3264
6804,3355,6792,3383
6797,3027,6808,3091
6772,4102,6808,4103
6808,4339,6794,4376
6800,3303,6809,3302
6810,2861,6810,2876
6795,3819,6814,3871
6802,5314,6816,5374
6817,3920,6815,3943
6807,3321,6830,3351
6817,3137,6834,3176
6807,3980,6836,3986
6771,4408,6836,4429
6797,4761,6841,4853
6844,3385,6836,3436
6845,5828,6787,5827
6849,5519,6831,5555
6849,3746,6850,3778
6850,5641,6822,5666
6857,3329,6851,3329
6849,3574,6864,3601
6865,3289,6843,3294
6843,3626,6867,3659
6868,5732,6848,5787
6872,5153,6859,5204
6873,5393,6857,5483
6876,3192,6855,3213
6879,4592,6880,4626
6857,3322,6885,3316
6880,3415,6885,3428
6862,4650,6890,4713
6892,4341,6867,4390
6881,5603,6895,5636
6902,3416,6903,3429
6903,4891,6873,4887
6854,5025,6903,4978
6911,3350,6895,3353
6912,3343,6914,3343
6914,4395,6917,4428
6917,5812,6903,5842
6919,3357,6919,3369
6922,3951,6892,4001
6879,4238,6922,4252
6924,3753,6914,3806
6905,2711,6934,2816
6841,2907,6934,2909
6922,3327,6936,3331
6937,3028,6874,3105
6939,4137,6941,4190
6913,4486,6945,4563
6954,3579,6937,3640
6954,4678,6946,4716
6898,5073,6962,5138
6965,3408,6946,3408
6968,3469,6905,3498
6970,3335,6962,3362
6970,3383,6957,3384
6977,3298,6939,3291
6977,4041,6924,4047
6980,2978,6929,2968
6968,4264,6980,4296
6981,3162,6936,3222
6984,3505,6972,3544
6997,5686,6954,5728
7000,4796,6915,4763
7001,3705,6962,3769
7001,3897,6995,3964
6993,5272,7002,5332
6993,5410,7004,5477
7009,4391,6991,4435
7009,4479,6982,4483
7003,2941,7011,2964
7014,4125,6990,4174
6925,5577,7016,5568
7019,3059,6999,3091
7007,4943,7027,4988
7022,3214,7035,3219
7035,4635,7000,4698
6992,5631,7035,5627
7038,5146,7030,5182
7030,4095,7041,4113
7041,3851,7052,3909
7056,3616,7068,3652
7071,3505,7033,3562
7034,4148,7072,4187
7074,4535,7006,4540
7075,3304,7029,3317
7040,5227,7078,5278
7049,4416,7080,4472
7064,5200,7084,5200
7070,3073,7085,3134
7068,4764,7087,4772
7093,3708,7072,3792
7094,4036,7056,4058
7096,3921,7086,3978
7099,4075,7090,4102
7048,3392,7100,3439
7104,4219,7060,4305
7063,5534,7106,5591
7113,3507,7112,3536
7095,5110,7113,5167
7122,3365,7096,3386
7123,5734,7100,5735
7080,4907,7131,4917
7126,4608,7140,4672
7121,5271,7151,5347
7103,3291,7153,3279
7140,3437,7154,3471
7164,4101,7132,4094
7168,3222,7143,3235
7170,3721,7170,3750
7170,3850,7118,3864
7160,4394,7173,4432
7059,2775,7175,2771
7146,2958,7122,2961
7170,3878,7182,3939
7134,4056,7184,4055
7184,3016,7201,3048
7142,5214,7206,5243
7211,5398,7176,5448
7155,3540,7214,3550
7216,4769,7158,4845
7221,5642,7182,5700
7222,5014,7208,5037
7213,3405,7225,3441
7226,5126,7157,5119
7211,3783,7232,3857
7232,4240,7188,4258
7238,4637,7211,4694
7240,2952,7227,2975
7198,3675,7243,3701
7243,4115,7161,4173
7243,4291,7225,4302
7255,4557,7240,4604
7232,4542,7261,4534
7209,3488,7262,3486
7255,5610,7264,5634
7268,3243,7255,3298
7268,4328,7264,4367
7275,4394,7238,4392
7285,3034,7247,3054
7286,4742,7285,4778
7272,5338,7287,5388
7231,3983,7278,3972
7297,3078,7248,3128
7256,3651,7297,3696
7268,5440,7298,5483
7298,5014,7281,5010
7279,3224,7318,3229
7289,3608,7318,3625
7292,3794,7319,3853
7292,4075,7319,4095
7321,4476,7316,4511
7293,4223,7323,4270
7329,4723,7323,4757
7245,2840,7330,2889
7330,3132,7330,3179
7290,3758,7334,3761
7342,2947,7307,3011
7343,5146,7286,5199
7348,3335,7299,3365
7327,3443,7351,3514
7323,5526,7354,5587
7359,3875,7358,3896
7301,3935,7360,3965
7364,3223,7355,3260
7369,4148,7352,4218
7372,2769,7362,2805
7341,5074,7375,5110
7346,4238,7377,4256
7343,5364,7385,5422
7386,4807,7313,4857
7393,3019,7377,3036
7396,5176,7382,5201
7377,3702,7407,3740
7412,4605,7317,4654
7418,4895,7418,4910
7421,4408,7394,4527
7400,3216,7425,3208
7403,3263,7432,3286
7415,3497,7432,3568
7440,4077,7409,4102
7375,3390,7441,3413
7409,3601,7441,3644
7408,3118,7442,3141
7398,2952,7453,2975
7467,4127,7418,4134
7423,4328,7468,4338
7471,4687,7425,4707
7475,4507,7450,4510
7471,5026,7416,5051
7480,3802,7409,3802
7480,5082,7427,5119
7482,3141,7465,3183
7473,3909,7484,3922
7472,3573,7492,3620
7497,3032,7461,3090
7516,3656,7481,3692
7516,4213,7473,4224
7524,3223,7509,3271
7430,2851,7531,2879
7462,3886,7531,3880
7520,3729,7533,3754
7484,5390,7539,5456
7476,4958,7542,5014
7545,3499,7483,3501
7546,4236,7529,4271
7547,3392,7525,3423
7552,3062,7538,3067
7531,4378,7555,4412
7550,3536,7558,3551
7501,4041,7560,4076
7569,4518,7556,4570
7535,4911,7572,4943
7577,3803,7549,3838
7557,3640,7582,3678
7587,2831,7579,2896
7595,4084,7594,4120
7597,4835,7579,4865
7579,3160,7599,3191
7607,3898,7585,4020
7509,5212,7607,5312
7587,3251,7614,3269
7625,4167,7562,4185
7635,4304,7593,4345
7637,5094,7603,5193
7619,3140,7641,3173
7545,4645,7645,4753
7646,4247,7631,4266
7634,3191,7647,3217
7666,3528,7598,3589
7632,3428,7670,3469
7670,3622,7636,3672
7640,5288,7675,5265
7676,4831,7645,4875
7666,4481,7678,4538
7680,4070,7625,4089
7640,3068,7683,3048
7685,3726,7640,3717
7688,3239,7676,3275
7614,3381,7692,3371
7700,3853,7657,3911
7699,4530,7709,4558
7677,3144,7710,3187
7719,4374,7718,4383
7681,2973,7722,2989
7716,3923,7723,3930
7671,4269,7723,4321
7733,3324,7715,3348
7738,4513,7750,4533
7688,4013,7753,4025
7749,4227,7758,4266
7737,4106,7791,4132
7794,4635,7729,4646
7796,2997,7768,3030
7720,2921,7798,2917
7799,4197,7789,4236
7747,4391,7803,4399
7808,3523,7805,3575
7810,3379,7798,3404
7802,4659,7821,4762
7834,3227,7805,3221
7761,3697,7840,3721
7845,3083,7806,3189
7819,3345,7847,3369
7847,4045,7793,4090
7795,3477,7850,3514
7831,4199,7851,4203
7837,4543,7857,4624
7874,4517,7834,4516
7889,3417,7883,3459
7844,3884,7892,3955
7920,2923,7880,2961
7925,4332,7915,4340
7933,4252,7885,4258
7949,4064,7936,4129
7957,3045,7936,3112
7964,4158,7919,4173
7966,3616,7915,3659
7975,2716,7837,2837
7961,8340,7917,8294
7967,8211,7983,8269
7939,4408,7991,4477
7965,3957,7996,3982
7981,3873,8007,3918
8002,3727,8018,3806
7986,2771,8020,2840
7996,4195,8027,4252
8018,3670,8029,3669
7974,8195,7979,8163
8032,3555,8013,3571
8035,3929,8028,3947
8056,8052,8051,8089
8065,4270,8041,4299
8058,3624,8067,3628
8016,3830,8068,3851
8074,4419,8062,4565
8089,3875,8091,3897
8069,4176,8095,4189
8133,4053,8070,4109
8137,3764,8119,3780
8145,3620,8141,3642
8152,4272,8101,4301
8072,3704,8160,3666
8080,3505,8163,3557
8142,4120,8170,4153
8148,3965,8190,3972
8192,3619,8164,3639
8175,4023,8205,4031
8218,3841,8245,3858
8251,3618,8210,3660
8253,3896,8196,3905
8203,4188,8264,4317
8283,3742,8263,3789
8267,4035,8289,4072
8297,3683,8272,3700
8308,3850,8324,3909
8249,3965,8332,3989
8390,3977,8392,4028
8407,4126,8356,4134
8422,4052,8383,4081
8436,4131,8444,4201
8427,3782,8448,3805
8456,3978,8445,4017
8525,3742,8531,3949
8553,4020,8555,4116
5663,6830,5614,6854
5734,6131,5669,6213
5676,6799,5694,6801
5698,6265,5641,6304
5659,6910,5698,6952
5720,6438,5727,6441
5690,6891,5731,6893
5708,6375,5741,6418
5739,6768,5746,6783
5761,6440,5730,6458
5756,6308,5776,6319
5804,6836,5744,6823
5805,6350,5802,6411
5785,6558,5806,6563
5711,6023,5808,6047
5820,6472,5780,6527
5783,6168,5822,6200
5829,6726,5788,6744
5833,6635,5780,6637
5821,6704,5841,6686
5829,6542,5847,6544
5850,6251,5859,6272
5845,5999,5860,6009
5840,6948,5879,6970
5892,6668,5861,6687
5895,6840,5846,6807
5897,6324,5876,6333
5893,6880,5902,6911
5908,6759,5878,6768
5867,7010,5908,7002
5891,6000,5909,6042
5905,6365,5912,6456
5896,6122,5914,6163
5910,6264,5940,6275
5958,5896,5945,5922
5959,6064,5957,6114
5961,6479,5949,6529
5961,6944,5940,6953
5966,6610,5981,6712
5965,7095,5984,7117
5986,6844,5973,6894
5991,6247,5949,6296
5947,7034,5997,7036
5981,6945,6009,6996
6023,6906,6012,6926
6019,6552,6026,6603
6031,6259,6010,6289
6035,6168,6015,6178
6036,7078,6028,7161
5982,6004,6042,6017
6058,6351,6017,6360
6065,6645,6024,6663
6029,6785,6068,6817
6078,5887,6065,5957
6028,6107,6078,6110
6081,6969,6020,6977
6106,6394,6076,6403
6070,6999,6110,7011
6116,6637,6115,6667
6123,6253,6111,6293
6121,6759,6090,6777
6075,7483,6128,7527
6120,5747,6134,5758
6062,6483,6143,6476
6117,6607,6147,6628
6150,6325,6139,6335
6122,6506,6150,6548
6151,5840,6080,5847
6154,6689,6123,6708
6158,5901,6147,5931
6106,5600,6159,5648
6141,6072,6159,6113
6161,6295,6141,6304
6113,7313,6167,7327
6142,6042,6172,6053
6154,7144,6174,7165
6284,5741,6176,5730
6154,9621,6176,9662
6177,6862,6166,6892
6177,7550,6176,7580
6177,9167,6135,9206
6185,8520,6174,8543
6185,6903,6193,6964
6182,6751,6201,6782
6173,9258,6201,9320
6204,9724,6184,9725
6207,6166,6126,6172
6196,6651,6215,6692
6181,7459,6218,7531
6210,5863,6219,5903
6215,7602,6224,7643
6136,7103,6227,7107
6204,7409,6233,7431
6241,6774,6239,6834
6228,9159,6247,9190
6209,9361,6250,9362
6251,6552,6250,6582
6215,5984,6253,6047
6204,6247,6254,6249
6218,6621,6258,6623
6210,9108,6263,9050
6262,9545,6270,9596
6272,9768,6240,9807
6245,8998,6277,8979
6245,8553,6285,8565
6187,6397,6289,6382
6263,6057,6292,6089
6223,6490,6295,6483
6295,8323,6263,8342
6295,9476,6313,9527
6300,6817,6317,6888
6302,6534,6320,6595
6323,6980,6251,7017
6328,7334,6317,7353
6285,9253,6331,9346
6333,9770,6332,9801
6300,5887,6339,5919
6320,9841,6339,9872
6341,9589,6287,9667
6346,9478,6335,9497
6338,6404,6348,6415
6341,5789,6353,5829
6353,8609,6378,8657
6346,5990,6354,6041
6357,7143,6344,7193
6357,7375,6356,7386
6318,8263,6358,8265
6359,8023,6363,8054
6280,7271,6362,7264
6362,8184,6282,8215
6371,8427,6357,8518
6373,7467,6340,7536
6375,9044,6362,9114
6368,6891,6377,6921
6380,6153,6378,6183
6360,5900,6381,5900
6381,6345,6370,6365
6382,7720,6390,7785
6375,7967,6382,7963
6383,7013,6350,7072
6343,8143,6385,8115
6389,8944,6360,8922
6323,6757,6392,6791
6376,8327,6396,8338
6397,8540,6396,8570
6399,9652,6376,9712
6373,7235,6401,7276
6402,6569,6381,6598
6356,6688,6406,6720
6407,7620,6357,7608
6403,5766,6415,5811
6416,9491,6384,9540
6419,6175,6407,6225
6359,9165,6427,9229
6410,7772,6429,7803
6392,6093,6431,6135
6398,7124,6437,7146
6407,8065,6438,8066
6443,8168,6442,8208
6443,9108,6402,9126
6418,8510,6448,8532
6439,8966,6448,8997
6424,6307,6454,6308
6406,6478,6458,6450
6459,8280,6439,8279
6432,5882,6460,5924
6465,6986,6453,7026
6442,7743,6472,7744
6455,6520,6473,6562
6477,7401,6415,7418
6481,6855,6459,6885
6450,8239,6481,8240
6466,7188,6484,7229
6485,9302,6434,9320
6488,6906,6477,6936
6450,9401,6488,9454
6491,6380,6441,6368
6494,9788,6441,9846
6454,8623,6496,8585
6497,6472,6485,6512
6442,7966,6500,8029
6511,8464,6499,8514
6512,6129,6479,6188
6512,7069,6479,7118
6513,8424,6482,8432
6515,7453,6492,7513
6518,8313,6456,8340
6510,6422,6519,6442
6525,7686,6484,7694
6528,6240,6525,6291
6507,7645,6528,7626
6529,5755,6484,5844
6521,8929,6529,8980
6483,8190,6532,8212
6493,9575,6533,9597
6470,6622,6540,6656
6486,8119,6546,8142
6549,5979,6496,6037
6553,6575,6542,6605
6555,6070,6514,6088
6561,9871,6561,9881
6562,7758,6522,7757
6504,6775,6563,6808
6514,6553,6566,6525
6526,9526,6566,9528
6567,8578,6565,8618
6567,8820,6580,8797
6569,7152,6527,7181
6572,8012,6550,8051
6573,7041,6572,7082
6544,7485,6573,7516
6577,7880,6576,7921
6548,9244,6578,9255
6580,8285,6568,8315
6583,9842,6531,9860
6565,8395,6584,8417
6566,6980,6585,7001
6587,6728,6566,6748
6589,9003,6556,9052
6530,7575,6590,7578
6551,9173,6590,9205
6596,6304,6583,6354
6596,9297,6555,9325
6643,5789,6597,5809
6507,9717,6597,9752
6591,6405,6600,6436
6559,6899,6600,6901
6552,8456,6600,8518
6561,8643,6605,8640
6605,8872,6554,8880
6608,8104,6607,8134
6597,7659,6614,7730
6607,6497,6615,6548
6567,6252,6617,6275
6609,5991,6618,6012
6540,7808,6620,7832
6634,8429,6622,8469
6635,9116,6631,9197
6636,8854,6611,8822
6637,6043,6615,6083
6620,6912,6638,6963
6609,8317,6640,8308
6621,8954,6640,8995
6644,6124,6622,6164
6644,6357,6651,6428
6653,7773,6612,7781
6653,8470,6661,8511
6635,9571,6663,9633
6695,5948,6669,6004
6669,9259,6626,9308
6670,6459,6668,6489
6569,9457,6670,9472
6602,8235,6673,8238
6674,9826,6622,9864
6663,6843,6642,6852
6657,8612,6676,8623
6608,7417,6677,7440
6657,6742,6678,6732
6685,8886,6672,8956
6670,9684,6689,9725
6663,7308,6691,7370
6675,6793,6695,6804
6677,7905,6697,7916
6704,7765,6692,7794
6664,8430,6704,8442
6705,7047,6674,7046
6707,8624,6693,8694
6710,8543,6669,8562
6715,9595,6713,9635
6700,8310,6717,8382
6691,9442,6720,9484
6722,8736,6720,8786
6714,5881,6725,5895
6688,6278,6727,6300
6712,6410,6731,6452
6713,5935,6732,5956
6715,6117,6733,6158
6683,9169,6733,9171
6681,6894,6731,6906
6740,7857,6729,7887
6643,7994,6744,8009
6737,7473,6745,7504
6751,7140,6720,7169
6754,9859,6711,9918
6755,5886,6742,5851
6738,9283,6756,9354
6740,6937,6757,6999
6667,8147,6759,8121
6746,6786,6764,6837
6723,7088,6764,7080
6769,7191,6749,7190
6777,6322,6725,6350
6753,9647,6782,9669
6783,7798,6770,7869
6757,9779,6786,9810
6738,6058,6788,6060
6797,6545,6785,6595
6779,8354,6797,8396
6751,8535,6799,8588
6752,9425,6801,9467
6700,6683,6803,6657
6805,6131,6795,6141
6752,7110,6812,7132
6769,7434,6799,7435
6822,8750,6773,8728
6746,9101,6826,9135
6827,5859,6815,5899
6829,6294,6815,6364
6829,8832,6777,8860
6805,7991,6833,8053
6766,9577,6838,9560
6839,6527,6827,6557
6822,8983,6840,9044
6824,9873,6841,9934
6842,8771,6830,8801
6843,7356,6830,7416
6844,8478,6783,8486
6845,6143,6815,6152
6802,6434,6850,6487
6851,6002,6849,6052
6854,5951,6804,5939
6835,7305,6855,7316
6856,7519,6834,7548
6858,7478,6817,7476
6813,6182,6863,6205
6864,8257,6843,8276
6864,8499,6843,8519
6808,7223,6867,7266
6870,7671,6787,7708
6873,6903,6802,6899
6883,7590,6852,7599
6886,7762,6852,7842
6867,7034,6887,7035
6872,7155,6892,7166
6893,6216,6881,6246
6875,6397,6894,6418
6848,10015,6896,10078
6897,8885,6894,8956
6898,7470,6895,7540
6899,7915,6847,7953
6845,9388,6904,9421
6829,8377,6908,8410
6913,6449,6892,6469
6915,6621,6863,6670
6856,6831,6915,6854
6912,8097,6918,8178
6918,9331,6857,9338
6920,7208,6888,7237
6881,7408,6920,7430
6922,8330,6900,8370
6866,9834,6917,9826
6929,10009,6909,10018
6915,6389,6935,6410
6875,7085,6935,7107
6943,8523,6892,8541
6890,6277,6948,6330
6948,9110,6862,9237
6941,7644,6951,7654
6945,6178,6953,6229
6955,9888,6924,9897
6930,7673,6959,7695
6922,6005,6960,6057
6913,6914,6961,6957
6937,6127,6967,6128
6975,7342,6972,7412
6976,8929,6945,8948
6980,9778,6929,9776
6981,8131,6980,8151
6993,9698,6931,9726
6925,8027,6994,8060
6949,7229,6999,7242
6962,7867,6999,7939
7007,9395,6975,9414
7001,8829,7009,8870
6962,6482,7010,6535
6962,9960,7010,10002
7013,6696,6989,6776
7015,9436,7014,9466
6986,7555,7016,7566
7007,6373,7017,6373
7002,7646,7021,7667
6956,8706,7024,8759
6984,8282,7025,8274
7027,5908,6967,5874
7008,7505,7027,7526
6988,8192,7027,8224
7031,7223,7030,7243
7004,7141,7035,7132
6967,9849,7037,9852
7042,8113,7011,8132
7043,6020,6973,5987
7019,7960,7048,7982
7048,8679,6990,8606
7022,8587,7052,8589
7046,7800,7053,7861
7018,8446,7055,8508
7012,8344,7060,8407
7031,6060,7061,6072
7062,6264,7061,6294
7070,8872,7037,8932
7071,7225,7059,7275
7054,8993,7073,9024
7039,6111,7077,6153
7077,6861,7065,6891
7066,5824,7078,5901
7085,5972,7084,5992
7085,7377,7063,7396
7086,9187,7034,9225
7090,7013,7048,7062
7054,6223,7094,6235
7096,6660,7075,6669
7100,9329,7088,9379
7072,9752,7102,9753
7010,7455,7103,7428
7084,7154,7104,7165
7112,8136,7059,8195
7099,10057,7116,10138
7097,8934,7117,8945
7090,7488,7118,7530
7080,6548,7121,6549
7078,6831,7127,6863
7113,9511,7132,9522
7134,6944,7114,6933
7094,8550,7134,8562
7119,6125,7135,6216
7137,6631,7117,6640
7138,7773,7114,7853
7132,6985,7140,7025
7111,6761,7142,6753
7123,6044,7143,6045
7084,6467,7143,6500
7077,6386,7147,6399
7152,10241,7073,10187
7107,7317,7155,7380
7158,7077,7136,7116
7161,6551,7159,6592
7163,5813,7151,5853
7185,9929,7172,9999
7138,8006,7186,8069
7146,8987,7195,9009
7147,6642,7197,6664
7198,7321,7197,7351
7198,7554,7156,7592
7180,10293,7198,10334
7152,7926,7200,7978
7200,8201,7149,8219
7175,9484,7202,9556
7202,10021,7199,10081
7164,8341,7204,8353
7211,8869,7159,8907
7195,5997,7213,6058
7214,6270,7171,6319
7218,6645,7216,6685
7202,5855,7219,5917
7213,6988,7221,7039
7218,6402,7226,6443
7212,7473,7229,7545
7217,7595,7233,7687
7234,10194,7212,10243
7239,6838,7207,6877
7239,9385,7197,9424
7218,8727,7156,8745
7241,6120,7238,6170
7205,6462,7242,6545
7242,9790,7169,9837
7245,8092,7242,8162
7247,7121,7215,7160
7250,7283,7230,7282
7215,7868,7252,7930
7252,9558,7187,9656
7235,6939,7254,6980
7247,8284,7254,8365
7246,8536,7255,8557
7240,8688,7256,8769
7264,6273,7273,6303
7275,9255,7243,9315
7282,6799,7211,6796
7288,9671,7286,9711
7260,7981,7289,8023
7262,10033,7290,10085
7254,9052,7291,9125
7293,6992,7272,7021
7252,7243,7293,7244
7293,8154,7280,8214
7300,9853,7259,9871
7282,8417,7301,8448
7271,6121,7310,6143
7310,7083,7297,7133
7310,7306,7269,7314
7312,6335,7251,6353
7314,6052,7272,6091
7323,6781,7322,6811
7323,10248,7271,10276
7328,6660,7298,6658
7266,7627,7328,7600
7288,6415,7338,6438
7289,9640,7339,9663
7312,9105,7342,9127
7344,7681,7313,7690
7317,5759,7345,5801
7327,9935,7346,9966
7299,7801,7349,7813
7349,8733,7336,8793
7350,7318,7349,7348
7311,7508,7352,7500
7326,9713,7354,9774
7355,8602,7304,8610
7359,5943,7320,5931
7366,6267,7324,6285
7367,6924,7324,6993
7367,10159,7326,10188
7354,6297,7372,6358
7370,10331,7340,10320
7376,6722,7356,6721
7377,5995,7377,6015
7377,10392,7296,10399
7378,7369,7357,7389
7349,6175,7379,6197
7287,8993,7380,8937
7385,6045,7353,6084
7352,8662,7390,8725
7353,10037,7390,10100
7350,7773,7392,7744
7397,7856,7348,7823
7397,9008,7367,9017
7400,6632,7368,6682
7403,10272,7372,10281
7406,6501,7336,6488
7339,8500,7409,8503
7380,6864,7411,6855
7374,9320,7412,9373
7372,9593,7413,9575
7414,7240,7353,7247
7416,10212,7365,10210
7419,7129,7379,7127
7384,6763,7423,6795
7393,8411,7423,8433
7386,9968,7424,10020
7431,7999,7431,8019
7344,7449,7435,7463
7436,6958,7405,6976
7438,8767,7427,8787
7421,7543,7439,7584
7412,7280,7441,7312
7386,5803,7444,5856
7416,8129,7444,8181
7447,6250,7434,6310
7430,5936,7449,5967
7449,9445,7416,9514
7432,9151,7451,9172
7416,9049,7455,9081
7456,6049,7445,6078
7462,6615,7440,6644
7426,8595,7465,8617
7447,6483,7466,6504
7467,7181,7464,7252
7472,9618,7399,9665
7475,6080,7472,6140
7446,6736,7475,6777
7427,7634,7478,7627
7482,9851,7410,9878
7475,9325,7483,9356
7456,10214,7483,10296
7485,6545,7483,6575
7489,9912,7477,9962
7483,7040,7490,7112
7445,7908,7498,7870
7501,8254,7438,8312
7468,8789,7506,8831
7507,7416,7476,7444
7518,6243,7507,6263
7514,9802,7522,9863
7524,9357,7480,9436
7448,8080,7528,8094
7531,6638,7490,6667
7545,6780,7502,6839
7546,8145,7515,8164
7507,9983,7546,9995
7547,6285,7486,6292
7552,10339,7529,10389
7553,6376,7501,6394
7506,6061,7556,6083
7562,9642,7511,9650
7515,9084,7565,9116
7518,8336,7566,8379
7566,10249,7553,10309
7569,7155,7568,7196
7499,9225,7569,9248
7550,9682,7569,9703
7570,6448,7557,6518
7572,8955,7550,8984
7574,7520,7512,7537
7537,7670,7578,7641
7511,7790,7579,7853
7573,8682,7580,8763
7569,6003,7588,6044
7580,6913,7588,6964
7592,6873,7590,6904
7595,6105,7584,6135
7555,8631,7595,8653
7604,8218,7545,8186
7602,8259,7581,8278
7535,9570,7607,9533
7568,9491,7598,9502
7530,8529,7611,8522
7532,5931,7613,5924
7585,6570,7613,6621
7564,6811,7613,6854
7615,7724,7565,7711
7615,10049,7542,10096
7616,6318,7605,6338
7617,6763,7615,6793
7549,9935,7618,9978
7611,7814,7620,7845
7625,7269,7582,7318
7576,9087,7626,9099
7632,7350,7589,7389
7632,10130,7620,10160
7626,7936,7633,8007
7639,7886,7638,7896
7649,8807,7607,8835
7651,5976,7639,6016
7656,9333,7633,9413
7619,8330,7659,8342
7660,6229,7628,6268
7646,10262,7665,10294
7648,7432,7668,7453
7660,6937,7677,6998
7680,8100,7659,8120
7686,9567,7642,9656
7688,6301,7665,6351
7689,6726,7687,6786
7659,9505,7690,9486
7660,6462,7691,6463
7691,6686,7630,6693
7676,8879,7695,8910
7646,7482,7696,7505
7680,7858,7698,7909
7601,7581,7700,7626
7653,8241,7702,8293
7696,9122,7704,9163
7704,9861,7692,9900
7636,9797,7706,9810
7677,7928,7707,7950
7708,6525,7648,6522
7713,6424,7644,6370
7705,6595,7713,6636
7715,8678,7693,8718
7667,6078,7717,6090
7720,9265,7682,9202
7721,8537,7669,8585
7642,10576,7721,10620
7725,10084,7721,10154
7726,6808,7723,6869
7730,7183,7700,7181
7732,7365,7719,7425
7737,8406,7696,8415
7739,7213,7696,7262
7749,9296,7708,9295
7723,8042,7753,8053
7754,8720,7752,8761
7754,9650,7740,9731
7758,7002,7756,7052
7766,7973,7754,8023
7732,7840,7770,7882
7744,8942,7771,9014
7754,9883,7772,9924
7755,6142,7773,6194
7712,7121,7773,7114
7727,10266,7775,10329
7699,10437,7779,10450
7762,8296,7781,8327
7749,8144,7785,8236
7790,7650,7747,7709
7747,10499,7796,10542
7799,6761,7796,6832
7760,8801,7799,8834
7801,6246,7760,6264
7802,7378,7789,7458
7805,5922,7770,6022
7807,8429,7753,8508
7780,8590,7808,8642
7796,8682,7816,8693
7817,6105,7786,6124
7818,9330,7787,9338
7759,6527,7819,6529
7814,9431,7819,9542
7811,6024,7820,6044
7791,6943,7820,6964
7820,10209,7809,10229
7755,6375,7826,6378
7830,7197,7810,7206
7792,6457,7832,6459
7837,7036,7817,7045
7779,9985,7837,10048
7808,9794,7838,9806
7792,10633,7840,10675
7803,9208,7841,9280
7844,8512,7813,8531
7799,8389,7848,8421
7786,7519,7854,7582
7856,10322,7834,10351
7812,9006,7861,9049
7864,6188,7852,6238
7856,7067,7865,7108
7839,8855,7868,8877
7869,8169,7894,8221
7870,7684,7809,7681
7851,8805,7871,8816
7831,9957,7872,9939
7873,8533,7861,8573
7838,10503,7875,10576
7877,9140,7854,9200
7851,6733,7878,6795
7839,6298,7889,6310
7881,6027,7890,6067
7812,7853,7884,7826
7890,7907,7889,7928
7892,6472,7880,6532
7862,10403,7892,10415
7877,6582,7897,6604
7865,8725,7902,8787
7906,10324,7896,10334
7875,9878,7914,9910
7890,7463,7919,7484
7923,8081,7911,8121
7874,9443,7924,9456
7907,7767,7925,7808
7887,9373,7926,9405
7926,9648,7924,9688
7906,6159,7935,6191
7918,9819,7937,9851
7857,7279,7938,7283
7923,6928,7893,6927
7918,7979,7946,8021
7947,10073,7907,10072
7951,6990,7927,7060
7902,9718,7952,9730
7935,6423,7953,6464
7935,9193,7955,9204
7959,10509,7965,10590
7967,7769,7966,7800
7991,8078,7971,8133
7978,6354,7967,6384
7978,9145,7966,9174
7979,6809,7945,6879
7983,7163,7940,7232
7985,6193,7944,6221
7986,7103,7934,7131
7925,7353,7986,7335
7961,6050,7989,6122
7963,9255,7992,9287
7928,8677,7988,8690
7996,8953,7994,9014
7971,7689,8001,7700
7959,8426,8008,8448
7962,7890,8012,7893
8011,7933,7990,7932
7975,9448,8013,9490
8029,8166,8022,8125
8022,9763,8019,9834
8027,6407,8015,6437
8027,9400,8016,9429
8002,6962,8031,7004
7991,9064,8032,9056
8036,10370,7913,10395
8039,8662,7996,8721
8020,6781,8040,6802
8044,7166,8033,7196
7999,9580,8045,9683
8047,7571,7982,7659
7986,10105,8036,10118
7964,6687,8054,6701
8065,9462,8044,9481
8058,6621,8067,6651
8020,9349,8068,9391
8050,10270,8068,10331
8035,6438,8074,6490
8077,6187,8045,6216
8071,7248,8077,7329
8081,8876,8001,8842
8084,8573,8022,8601
8056,9199,8084,9260
8085,9928,8044,9956
8071,9796,8089,9847
8062,6297,8091,6319
8092,6541,8091,6551
8092,9069,8081,9099
8098,8007,8047,8015
8098,8948,8085,9008
8089,9139,8098,9170
8039,6357,8109,6380
8040,6569,8109,6603
8117,6876,8036,6883
8089,7057,8119,7068
8068,10089,8119,10081
8095,6936,8123,6987
8076,8057,8126,8069
8129,9161,8107,9201
8136,8292,8103,8372
8142,10011,8072,9988
8096,9453,8145,9496
8108,9636,8147,9668
8149,6160,8105,6239
8113,7209,8153,7221
8145,9243,8155,9264
8129,9849,8157,9901
8162,6787,8159,6837
8151,8889,8169,8931
8172,7697,8159,7778
8174,6747,8134,6735
8176,6454,8154,6493
8176,8072,8133,8130
8178,8264,8166,8304
8128,9404,8181,9366
8042,7904,8183,7910
8158,9415,8188,9437
8138,7554,8189,7557
8190,8679,8150,8667
8185,8800,8193,8851
8202,6334,8190,6374
8155,7626,8204,7668
8156,9011,8206,9013
8212,9579,8179,9629
8114,9727,8216,9711
8157,6655,8217,6688
8192,9791,8221,9822
8204,8366,8223,8397
8176,6929,8224,6972
8225,6497,8231,6578
8231,6820,8200,6829
8238,7589,8207,7598
8174,8587,8243,8641
8244,9075,8192,9103
8245,6740,8224,6749
8245,7185,8244,7225
8219,7335,8248,7367
8245,9268,8253,9328
8256,9015,8246,9035
8259,8025,8218,8053
8221,8205,8261,8217
8198,8972,8269,8955
8271,9137,8219,9185
8272,7045,8198,7112
8247,8075,8275,8126
8267,6448,8276,6479
8288,8299,8257,8318
8281,6378,8289,6418
8290,9401,8278,9451
8264,6539,8293,6560
8293,8410,8241,8438
8265,8591,8296,8582
8262,9814,8298,9927
8299,8512,8269,8500
8304,6298,8253,6326
8304,9553,8243,9561
8257,7853,8305,7895
8292,6590,8308,6672
8283,7712,8311,7774
8282,9360,8313,9331
8319,7117,8289,7116
8320,6865,8256,6943
8284,9077,8325,9069
8333,7502,8249,7559
8334,8867,8303,8886
8340,8958,8317,9018
8313,6804,8342,6815
8342,9605,8310,9644
8345,6997,8303,7016
8355,7918,8323,7947
8296,7420,8357,7402
8357,8110,8355,8140
8333,8190,8361,8241
8362,7766,8349,7816
8364,7251,8332,7280
8369,9222,8336,9271
8365,8373,8372,8444
8379,7595,8348,7614
8379,8758,8326,8816
8329,8523,8396,8597
8347,7179,8398,7171
8372,7069,8399,7131
8342,8685,8401,8718
8403,9830,8380,9900
8393,8890,8409,8992
8409,9224,8388,9243
8388,9486,8413,9598
8406,6525,8324,6531
8421,8264,8400,8283
8393,7050,8423,7061
8424,9124,8381,9162
8427,9275,8386,9284
8390,8040,8420,8052
8429,8760,8427,8810
8387,7868,8431,7800
8382,9375,8431,9427
8407,6727,8435,6769
8437,8346,8436,8376
8432,6607,8441,6648
8395,7009,8445,7002
8395,7454,8446,7457
8424,8659,8452,8710
8429,8072,8458,8114
8410,7344,8461,7346
8462,8478,8450,8508
8400,9669,8462,9631
8412,8223,8463,8216
8464,7043,8472,7084
8446,7689,8474,7741
8463,7983,8481,8034
8487,8591,8467,8600
8488,9278,8476,9308
8490,6670,8478,6710
8421,6414,8491,6417
8432,9164,8491,9197
8471,6649,8492,6640
8426,7921,8496,7924
8496,8854,8454,8882
8502,6863,8441,6880
8514,9370,8462,9408
8515,6570,8494,6589
8506,7004,8515,7025
8486,6761,8516,6782
8517,6530,8455,6547
8547,8381,8507,8379
8496,8621,8549,8573
8551,6905,8530,6924
8553,9160,8540,9230
8554,8230,8532,8259
8551,6430,8558,6511
8539,7643,8558,7664
8560,9241,8559,9271
8564,6592,8543,6622
8546,8411,8565,8442
8547,6763,8566,6784
8506,7227,8567,7239
8550,8078,8578,8140
8521,7814,8582,7806
8544,7987,8584,7988
8587,9090,8507,9077
8553,6865,8591,6917
8550,7380,8596,7493
8569,7866,8600,7868
8615,8212,8604,8242
8618,6514,8597,6533
8618,6979,8586,7018
8576,7947,8627,7929
8625,6605,8633,6646
8637,6788,8614,6837
8639,6737,8628,6757
8641,6687,8560,6693
8635,7050,8643,7111
8649,8355,8607,8404
8651,8537,8581,8534
8659,8143,8655,8214
8673,8043,8662,8073
8678,7932,8676,7982
8624,8475,8684,8488
8596,7261,8694,7326
8695,7548,8634,7556
8698,7013,8687,7032
8702,7599,8671,7628
8690,7427,8710,7428
8661,7860,8722,7843
8696,8448,8736,8450
8727,6802,8737,6812
8688,7477,8738,7489
8740,7196,8709,7215
8744,7803,8713,7812
8685,7073,8745,7096
8669,6506,8748,6550
8750,8359,8711,8338
8743,7368,8752,7389
8705,8226,8759,8168
8764,8037,8762,8097
8750,6742,8770,6743
8733,7600,8771,7643
8773,6682,8722,6700
8746,7308,8776,7299
8743,6903,8782,6925
8722,7155,8782,7178
8779,7936,8797,7977
8799,8402,8758,8410
8781,7431,8800,7452
8807,7523,8805,7563
8821,6967,8771,6945
8771,6723,8822,6715
8824,7352,8812,7412
8836,7777,8792,7866
8820,7230,8839,7251
8829,6796,8866,6858
8870,7697,8797,7745
8795,8038,8874,8062
8824,6907,8875,6899
8853,6938,8883,6940
8876,7789,8885,7809
8869,7253,8898,7294
8910,7487,8877,7546
8885,7132,8911,7214
8913,6941,8922,6982
8818,7048,8928,7073
8879,7728,8930,7720
8931,6760,8900,6779
8948,6609,8936,6649
8957,7337,8925,7376
8919,6577,8961,6539
8970,6802,8969,6822
8902,7426,8974,7409
8994,6935,9002,6996
9005,6682,8983,6742
9020,6814,8977,6873
9012,6531,9022,6541
9030,6572,8988,6621
9038,7088,9007,7097
9024,6481,9045,6462
9037,6653,9046,6684
9054,6715,9033,6734
9064,7190,8972,7207
9043,6512,9082,6544
9102,6778,9101,6798
9127,6677,9094,6737
9120,7061,9131,7042
9140,6830,9108,6889
9134,6738,9143,6779
9176,6953,9083,6989
