fitness : 3.39646e+06
selection pressure : 3
crossover parameter : 0.7
mutation parameter : 0.2
population : 100
elite proportion : 0.2
generation : 261
time : 917.036
1027
190
164
172
167
162
160
275
153
757
117
646
705
132
128
126
124
127
724
756
2057
2291
2309
2362
2237
3003
2055
2287
2045
701
690
979
546
555
567
35
23
566
350
29
8
2938
2627
2575
2163
1576
2284
1565
2303
1679
1537
2639
1609
1501
2496
2054
2848
1712
2135
1435
11
12
1192
1194
1213
1224
1416
1259
2136
2206
2223
1989
1880
1937
1934
1755
2349
1678
1846
2391
1888
1856
1885
2124
3015
3023
2197
2900
2262
2260
2344
2288
2347
2198
2438
2961
812
1816
1157
797
532
2882
273
1642
2110
1673
334
574
578
1597
2025
1705
2669
2624
2715
2628
2672
2718
2790
2985
2748
2977
2972
2731
2727
479
531
380
830
872
1001
965
989
1023
1193
1087
1284
1120
2592
2098
1112
1089
1068
1388
1060
1008
958
2864
2756
2965
760
682
1468
2809
1294
703
1016
676
649
834
648
1041
1925
1887
722
1671
619
589
3
1993
2092
2003
2031
2398
1774
2374
1737
1644
2597
1627
1710
2503
1633
2411
2641
2502
1799
1626
2889
1514
2399
2564
1582
1584
1443
1575
2372
1611
2887
2871
2683
2721
1599
1662
1681
1758
2999
1871
1863
2016
2056
2610
1526
1807
1596
2955
1630
1556
1543
1580
2310
1632
2384
1713
1248
1241
1197
1366
1383
1477
1375
1458
2335
2607
2210
2248
2685
2257
2642
2352
2388
2396
2505
2519
2803
2332
2690
1637
2703
2702
1695
2677
1506
1498
1240
1286
1508
1276
1744
2081
2356
1211
1667
2018
1839
2232
1811
1980
1766
2484
1672
1938
1620
1195
976
1056
1058
1025
1812
2567
2490
1911
1536
1010
342
354
7
2400
403
437
488
264
604
203
587
1714
2019
966
963
598
601
2311
2383
2300
3001
3005
824
692
732
749
745
606
2555
2959
3020
1907
1525
2928
1529
171
1424
2451
1199
2385
2537
1198
2273
1078
952
1410
1587
1084
1124
2408
1381
188
170
1085
1024
685
1083
2477
1380
1387
1423
1031
1588
590
554
1523
2659
1572
2461
2387
2539
2841
1931
1955
1905
1958
1971
3022
2283
2129
2282
2012
1981
2839
2468
2266
2368
2350
1736
455
449
433
1676
83
1122
2936
1554
1524
1459
1454
1761
2832
1793
2968
2924
1794
2506
1809
2431
2615
1810
2901
2805
2842
1915
1141
1149
1117
630
615
1491
585
642
1205
564
772
1212
998
972
773
1406
843
434
2305
2325
2337
2432
2584
2525
2569
2596
2330
935
474
1923
1160
2699
2579
1669
2562
1752
1289
1275
964
2051
2433
1804
1101
110
1655
2754
2825
2787
1674
1689
2363
1724
1765
1767
1256
1505
1258
1995
1281
2742
2717
1338
2066
2069
2072
1171
1158
1320
2075
1182
1445
2070
1152
1125
1280
2119
2334
1133
1147
1176
1165
1356
1173
2664
1167
1130
1903
1884
2116
2462
2849
2047
2679
2037
2074
1935
1074
2488
1623
1559
1367
2559
1303
1337
1362
3014
2724
2866
2560
1297
907
1107
2945
1162
2420
1251
1451
1236
1693
1698
2319
1268
1740
0
2153
2165
2779
2139
2658
2751
2782
2830
2123
2861
2192
744
2084
738
1134
874
767
762
1549
769
776
777
780
1371
808
2147
2896
720
2090
2997
778
877
914
912
739
2145
2353
791
2572
1999
2833
1913
1909
706
664
1179
755
735
1988
1545
725
1976
2065
2086
1833
2515
1838
2218
1974
2616
2027
1868
2767
3033
2921
2958
2918
2444
1664
282
482
469
466
1322
2253
2528
2317
1384
1188
1201
3016
2255
1327
3036
2141
1261
999
2855
1032
1021
459
2527
523
515
528
503
248
372
414
461
303
1357
321
70
906
308
473
369
2668
367
123
115
113
423
425
1734
1751
794
2359
793
2418
787
2950
2814
709
475
476
477
491
504
1824
2489
2749
1743
868
2329
1370
1232
1692
1721
1164
2707
2863
2674
2393
2315
2297
2293
2286
357
616
711
2005
1168
1906
1145
1177
1560
383
445
480
640
1683
628
571
382
42
192
40
644
626
583
600
1269
1057
603
79
76
72
1034
918
62
63
66
61
58
898
746
721
699
687
867
681
653
666
1354
2752
3009
2568
1780
2406
1770
734
679
2450
2507
2687
2952
2487
2203
2231
2080
2857
2547
2077
2239
1990
783
790
821
829
799
796
818
1624
1567
2314
2613
2858
2820
2694
2458
2637
2931
2570
2565
1739
1798
880
938
2623
2684
2701
2966
2523
1896
941
798
2117
2170
2162
2508
806
1155
2661
731
1953
2130
2164
2529
2395
895
1983
881
860
771
2370
2890
1231
962
879
2578
2647
2831
1867
2100
865
741
713
2011
697
693
663
340
17
332
961
1185
971
1254
2469
2535
2581
2970
2648
2792
2826
2817
2954
2211
2553
3021
2238
2380
2524
2302
2321
2795
2274
2272
2881
2810
2676
2698
2700
2697
2760
2652
2473
2604
2874
2241
3002
2914
2893
2200
2741
2137
2201
2126
2115
2725
2184
2062
2067
2089
2806
1619
1417
1414
1407
1369
2108
2214
2476
2146
1339
2856
2894
2540
2635
2693
2068
2424
2670
2422
2483
1392
1363
1492
2728
1726
1247
1169
1805
1791
2940
1969
2339
1848
2032
1719
1013
1069
1569
1042
1773
1054
1503
1552
1732
1511
336
1172
1343
1267
1186
246
497
495
2981
2799
949
1105
743
1775
28
1143
542
575
614
710
700
740
733
718
667
689
535
560
182
363
1649
189
401
217
900
219
418
1262
436
453
2571
2414
1786
1984
1788
2394
1792
1813
559
596
544
239
230
1170
2290
212
98
101
106
103
399
385
387
432
136
151
148
149
452
1204
465
936
820
1902
1305
548
2036
802
2033
2862
3034
2275
1066
1403
1432
1438
2298
1539
2397
2495
2877
2927
987
54
207
368
226
229
242
761
2538
2777
365
232
225
231
1020
569
253
277
269
254
283
984
261
1921
415
850
1421
804
1081
764
795
2122
683
270
276
280
281
296
319
307
291
312
1779
1007
981
624
335
250
114
129
285
304
314
492
2919
960
1594
1398
397
393
530
1557
1579
2531
2776
2905
2951
454
463
428
404
629
300
516
1368
1365
953
561
950
563
594
1872
487
486
467
169
1372
161
256
420
251
968
181
1210
1253
2633
2138
1154
2834
1063
980
547
158
157
155
147
1111
1274
2793
2467
1386
2402
2323
1573
1408
2128
2264
2171
2466
1429
1647
1985
2063
2007
2026
2121
2969
1763
2912
1707
2818
1806
2939
1952
2660
2650
2646
2765
2143
2252
2427
2545
2002
1844
2758
1919
1900
1865
13
1
2306
1546
2472
1517
1513
2364
1373
2426
133
26
2004
836
2196
841
2829
2867
2038
2220
1796
825
21
49
366
377
526
582
413
580
419
430
959
1490
460
450
44
1544
1467
635
502
2233
422
75
64
1263
1376
2326
2416
2377
2812
2930
2541
2933
2937
2895
2632
3035
2620
2772
1991
2028
2013
1882
1936
3000
1864
1832
1825
1943
1801
352
359
362
343
1964
2813
2006
2144
752
730
1966
873
855
1017
945
1123
1138
1405
2534
2530
849
2254
562
955
595
213
1377
1229
1316
1341
1348
2925
1485
2250
1499
1670
2709
1561
1555
2338
1749
1815
1687
1728
1682
1638
1827
1922
1808
2626
2909
2662
1795
2612
1817
2716
1535
2978
2828
1879
1510
1005
1191
1048
1542
1049
1067
1150
1075
1127
1014
1493
1019
1180
1095
2753
1311
1975
2052
1050
1564
1563
1541
1474
1449
954
1431
2030
2035
2409
3008
2788
2744
2957
934
1870
927
2073
917
209
53
346
351
344
406
636
388
391
1128
421
584
782
647
1119
910
680
1722
1783
686
489
1044
493
512
514
688
1279
716
1532
1753
2992
2556
2920
2440
2154
1754
2651
1850
2435
1818
2497
2625
2042
1972
120
89
71
69
65
96
931
109
118
484
496
511
1729
498
2990
494
1394
457
447
138
15
1613
2112
1527
1540
1558
1568
73
2986
1442
2908
1399
1956
2439
2804
2251
1353
911
1140
908
74
2585
672
468
315
317
322
2732
876
2935
329
1706
1585
2341
2681
2602
2514
2696
2513
1528
2784
1987
262
1512
1271
1273
320
1890
2434
1480
2736
1750
1685
2307
1461
1437
1426
2320
2953
2621
2301
1203
2267
1223
2689
2209
2186
1228
2430
2517
1226
1222
1428
2929
1200
1187
1183
1440
337
897
416
429
591
1006
2094
2061
613
1065
1109
634
645
2195
715
1126
753
639
638
662
684
552
786
792
774
2
1055
1393
1397
1466
3011
2785
1645
1518
1469
1472
1453
1460
1463
1500
1547
1551
1482
1660
1496
1497
1462
1607
1859
2453
2705
14
1433
1727
1326
1821
1299
1026
1053
1300
2312
1329
2665
1797
1077
2365
1249
1217
1986
1977
1992
2481
2595
2039
2582
2191
2480
1346
2739
2671
2944
1883
1335
1334
1309
1163
1221
1448
1873
1340
1413
1391
1735
1411
1586
1389
1181
2441
1930
657
661
750
751
609
1452
1011
441
637
707
2127
708
1108
726
909
1129
932
2010
1404
431
541
394
2798
1866
2249
2819
1178
993
389
398
785
788
2482
920
826
505
2638
509
2590
2649
2548
2609
556
2331
2876
2193
2976
2852
2688
2429
4
339
1652
370
1481
809
374
1920
417
2358
407
400
392
361
355
991
52
88
1917
2617
1944
2029
1959
545
2345
593
551
641
536
534
50
187
204
426
174
5
241
326
347
47
46
386
658
2015
2543
633
409
396
1189
358
1530
2478
2371
1629
1760
1697
2125
2221
2599
1094
1287
2775
973
520
543
521
539
2229
180
186
201
197
191
198
194
1677
1488
1502
2281
2327
2425
2445
1225
848
2114
2009
899
915
652
2526
1945
2417
1436
2587
576
572
550
2594
557
1382
537
994
2111
501
116
257
1282
1515
1516
2991
2351
1520
2188
1553
1823
1144
1854
1161
814
287
292
309
295
302
293
271
970
1030
1102
2906
2682
1043
1835
1148
258
3012
2246
1998
1359
1847
2023
1954
1970
2071
2666
2734
2258
719
1324
1218
779
817
1933
2202
2058
2091
2413
2280
2285
2956
2328
2348
2405
2663
540
39
45
193
215
202
227
93
87
86
618
81
80
78
1103
1290
77
22
6
379
384
395
2174
1617
2176
831
847
811
48
27
1402
992
1776
990
1680
2181
1845
2750
2000
1961
988
1395
1826
1828
665
2177
1942
1877
1892
1886
1996
2096
2589
2475
2479
2500
1853
864
1260
2934
2173
1457
742
840
837
443
558
472
43
1691
1082
1237
1447
1235
1242
1190
1051
763
1444
1450
1400
9
1321
111
247
1015
249
112
2778
2988
2423
2474
2996
2656
2704
2532
2630
2735
2763
130
1822
150
2465
177
588
586
611
1308
651
902
654
2313
1616
1533
1216
610
694
3029
1464
2369
2208
1473
1207
770
828
842
2770
1973
835
1052
781
2376
656
2357
602
717
579
527
1439
2366
412
56
252
279
288
451
1047
1390
1264
1100
839
375
2392
800
373
31
34
235
402
244
266
2222
2573
2491
2910
2823
2854
3037
2926
2845
2902
3010
747
2762
2759
3032
2180
807
2963
238
237
1939
2501
2606
1220
234
259
228
410
196
360
1534
211
345
1494
290
121
125
134
137
139
60
200
205
220
218
208
607
1378
627
1412
1430
2768
2801
3024
2247
1894
1336
1889
2101
2104
2148
2868
1875
870
1700
2655
2915
2892
892
1245
885
888
1941
871
2158
889
1022
844
2333
1093
1072
1071
1059
1603
327
348
1036
85
95
483
57
508
507
499
490
510
643
519
549
518
969
439
833
1379
381
478
506
481
1088
1918
2263
1570
2205
1591
2588
1592
1600
1604
1782
2043
1843
1772
1131
1239
1574
1250
1747
1252
1802
1293
1291
1979
3031
2095
2242
2837
1881
2014
1278
1777
1135
1476
1916
1484
2533
2215
2001
2224
1962
1908
2213
2105
1401
1471
1618
1646
1738
1409
2865
173
175
185
2850
94
92
142
145
2608
612
144
152
102
2886
1029
146
943
156
2296
183
179
448
533
438
10
608
1757
996
2109
2179
2745
310
1628
1571
1608
2504
1759
2428
278
100
97
90
2204
2459
2102
2219
2544
2322
1675
605
599
581
16
25
119
946
2207
2836
1136
2166
2169
2118
2093
2021
2268
2386
2614
2522
2583
2593
2948
2888
1820
2299
2580
1639
1215
1092
1789
2509
1836
1110
2843
2774
1349
2008
1323
1924
1219
1113
2034
1118
18
33
32
30
1932
2140
2059
2644
19
2470
1504
1717
1495
3028
2159
1331
2134
1332
1577
1446
832
2040
2603
1857
1869
1643
2443
1589
1531
1837
2962
2390
2373
2277
2261
1061
2378
2404
2619
2875
2017
20
1295
1307
1861
1641
1288
2410
3026
2827
2586
2455
2520
2618
2824
729
1385
2442
24
135
1098
245
233
995
1583
1601
1004
1716
1686
2738
1948
1690
1688
1741
263
440
1106
1003
289
311
294
297
1489
2185
2041
2771
1949
1929
2354
1914
2199
1895
1427
1214
1196
458
1202
353
2448
617
41
2710
1174
1257
1330
1350
2949
3030
1272
2046
2916
2922
1132
2840
1037
143
176
163
178
168
36
37
38
51
405
390
2574
378
84
1097
1296
1298
1301
1304
1114
2821
1099
2494
1116
2550
2974
2516
2318
2382
2190
2149
2131
1230
1285
1091
948
1899
947
919
1965
913
905
925
1246
2183
1967
901
903
2150
2897
2880
2993
1704
1658
891
1302
2172
884
878
1602
1475
1243
983
2521
1040
1982
2645
2020
2156
2024
2885
2591
890
875
861
939
937
904
923
887
894
866
1852
858
863
838
2463
1957
1928
1748
2973
2271
2381
2941
2942
2175
1950
1862
1834
1731
1718
1803
2695
1830
1715
1730
1708
1325
1234
1940
1566
2566
1314
1270
1666
1227
55
206
869
974
1434
977
978
2605
1521
1610
1522
1415
1208
2872
1509
1396
956
59
2454
1012
1800
857
854
2711
822
1657
1328
816
2692
68
221
446
411
1831
1785
2853
1742
1699
444
222
759
1206
1184
659
67
2279
1455
1784
1425
1479
2132
2552
2412
1292
1035
1661
1139
2064
2436
1033
316
82
91
1778
2113
2449
2979
1333
2178
1703
99
632
671
660
678
2932
2269
2403
674
675
695
2911
696
2452
784
338
318
301
284
1233
306
298
1355
2757
2437
2747
944
305
1209
1898
1318
2160
1312
1265
1238
260
268
2278
255
859
2557
2740
2044
1860
929
930
1968
2457
2946
2860
2107
1997
967
982
997
1009
1018
1090
104
108
105
928
2167
2733
2493
1926
1684
2640
2675
2558
2216
1849
926
922
1829
921
1310
1891
1315
1319
1650
2967
893
827
2336
768
2022
1079
1076
1648
1590
2155
1519
673
524
1702
1277
1814
592
553
570
565
810
845
1548
1478
823
819
775
766
1313
748
2157
714
323
1709
1723
886
621
622
623
573
1876
924
1086
529
525
442
677
631
737
597
522
691
2783
1840
1483
2551
568
704
1978
2308
2340
1486
1769
1901
1756
1418
107
712
669
1912
670
754
2755
2240
2234
2161
2085
1897
1855
2796
2419
2729
805
1046
1045
122
1578
1631
2879
1659
2947
2714
1762
1635
1663
1746
2227
1874
1858
1725
2846
2720
2847
1096
131
513
140
324
166
1720
2816
2980
2903
2851
2883
2899
3018
882
1701
1787
2719
184
165
141
2631
154
159
470
456
620
195
223
224
236
267
265
272
1360
274
299
313
199
356
216
957
240
214
577
210
243
2289
2636
2401
1615
2746
2791
2983
2611
1668
789
758
736
286
3025
424
846
2226
2256
325
349
328
1422
3017
2076
1283
1614
1470
1374
1550
1364
333
341
408
2554
985
331
330
801
371
376
364
655
1696
698
702
2807
727
1538
2982
2512
2561
2722
2743
2686
2789
2723
2898
2786
3004
2989
2998
2984
916
2087
2971
485
462
1963
435
668
2421
986
625
650
1771
2600
427
464
1562
500
471
1456
517
538
723
813
1790
1028
2464
2182
1581
1062
1606
2492
3007
1507
1244
1842
1306
2230
2800
2151
1598
1621
2342
2295
1073
728
1039
765
2053
803
1064
1694
2456
2994
815
1745
852
851
883
862
1115
853
2187
896
1151
942
1344
2498
2960
1361
1358
856
975
2259
1002
933
940
1420
1121
1947
1419
1441
1142
2761
1159
1653
2168
2643
951
1000
1038
1951
1156
1904
1175
1345
1266
2891
1465
2235
2120
3027
1612
1487
1593
1625
1605
1622
2598
1665
1640
1651
2549
2766
2726
2712
2079
2511
2794
2049
2415
2471
1636
2773
1733
1841
3019
1070
1654
1595
1080
1104
1153
1137
1851
1146
1878
1352
1317
2083
2917
2913
2460
2375
2346
2964
2907
2802
2797
2870
2708
2878
2673
2099
2103
1946
1255
1166
2769
2657
2542
2097
2194
2088
2975
2780
2904
2737
2654
2680
2106
2142
2447
2343
2446
2485
2536
2622
2518
2987
2859
2713
2563
2510
2407
2576
2355
2324
2389
2316
2379
2678
2499
2730
1893
2811
3013
1927
1960
2764
2367
2838
2292
2808
2653
2634
2276
2294
2304
2943
2217
2212
2835
2822
2629
2546
2189
2884
2869
2844
2244
3006
2486
2082
2152
1910
2060
2361
2078
1711
2706
2995
1656
2265
1634
2667
2691
2781
2815
2601
2270
2050
1819
2245
2236
2133
1781
1342
1347
1351
2923
1764
1768
2577
1994
2243
2048
2873
2360
2228
2225
