fitness : 233104
selection pressure : 3
crossover parameter : 0.7
mutation parameter : 0.2
population : 100
elite proportion : 1000
generation : 0.2
time : 64.5608
219
209
196
132
380
384
145
180
130
120
129
155
131
81
105
104
377
92
93
167
142
22
20
55
57
60
23
88
119
106
13
12
11
47
77
38
3
65
101
136
103
149
172
242
402
240
241
276
226
275
308
283
286
342
289
424
416
164
200
175
165
178
201
247
246
434
324
360
285
319
348
310
420
312
439
346
354
347
427
345
237
244
228
234
265
173
137
117
98
76
78
83
86
44
73
71
74
39
72
40
41
42
79
15
118
166
157
194
168
144
262
421
328
206
390
387
389
223
337
158
169
140
70
440
113
102
385
125
150
160
161
399
243
339
273
272
425
278
282
280
281
279
309
433
322
302
435
124
112
62
29
376
63
64
30
32
110
27
89
59
111
96
94
31
61
28
26
24
25
100
54
95
97
134
123
197
274
316
290
321
294
259
336
335
331
372
373
298
412
225
344
436
264
183
133
109
90
87
58
91
378
379
146
170
413
369
368
370
303
367
287
355
358
314
432
238
239
151
186
227
266
210
211
250
253
415
333
306
323
357
293
256
213
215
191
154
141
406
423
307
220
199
188
179
202
163
162
231
252
400
270
171
135
388
126
174
398
404
340
341
338
350
313
311
245
251
396
230
214
229
212
221
284
296
356
361
326
304
295
414
277
318
317
353
315
320
269
233
184
148
441
185
187
405
395
68
69
386
114
138
66
34
35
33
36
10
7
6
115
5
4
9
8
2
1
0
67
37
116
82
80
18
19
52
107
99
84
51
50
375
156
143
121
108
56
85
43
75
46
49
53
21
17
16
45
14
48
438
381
382
271
267
422
362
352
349
288
268
351
291
176
222
249
248
254
301
300
417
305
430
257
258
235
263
371
426
409
410
236
217
224
198
208
218
383
159
418
122
393
153
392
391
152
401
394
407
408
297
292
429
327
419
260
181
204
193
325
334
431
329
365
364
189
397
192
190
127
139
128
177
207
205
216
255
437
374
332
428
359
299
343
330
203
232
261
195
147
182
411
366
363
403
