fitness : 65201.7
selection pressure : 3
crossover parameter : 0.7
mutation parameter : 0.2
population : 100
elite proportion : 1000
generation : 0.2
time : 54.0841
74
75
43
98
76
44
77
45
78
46
99
79
47
80
48
81
49
50
82
438
83
51
84
52
85
53
380
387
389
384
120
121
109
131
390
143
144
156
167
180
193
204
205
194
110
122
132
145
157
168
181
196
195
207
217
206
216
403
408
407
254
253
252
251
250
249
414
248
247
246
245
244
243
242
241
240
417
416
255
256
257
258
259
412
418
421
437
274
436
422
271
419
267
415
263
235
262
261
260
411
231
223
214
202
230
222
213
396
163
162
175
187
199
212
211
220
210
402
228
229
221
392
152
105
104
116
127
138
139
106
117
128
140
153
164
176
188
200
401
201
189
190
397
178
177
165
154
141
129
118
107
394
393
59
91
58
90
57
89
56
88
55
54
86
377
87
381
108
119
130
142
155
166
179
191
192
203
215
224
232
264
236
413
409
383
382
112
124
134
147
159
170
183
198
209
219
225
410
218
208
197
182
169
158
146
133
123
111
435
100
92
60
93
61
63
62
94
378
95
379
96
97
32
376
375
31
64
30
29
28
27
26
25
24
23
22
21
20
19
18
17
16
15
14
13
12
11
10
9
8
7
6
5
4
3
2
1
0
33
65
101
102
113
125
135
148
160
171
184
399
404
226
233
237
265
268
272
275
278
280
281
427
341
340
439
308
307
309
338
432
345
346
347
348
349
350
351
342
352
353
354
433
355
356
357
434
358
359
360
343
361
362
363
364
365
366
344
367
368
369
370
371
372
373
374
431
430
324
325
326
327
328
337
336
426
335
334
306
333
332
331
330
329
305
304
303
302
301
300
299
298
297
296
277
295
294
293
292
291
290
289
424
420
423
288
287
286
285
429
428
323
322
321
320
319
318
317
316
315
314
313
312
339
311
310
284
283
282
279
425
276
273
270
266
239
269
238
227
234
406
400
405
185
115
137
391
151
174
186
398
395
150
173
172
161
386
388
149
136
126
385
114
103
440
441
66
34
35
67
68
36
69
37
70
38
71
39
72
73
40
41
42
