fitness : 232338
selection pressure : 3
crossover parameter : 0.7
mutation parameter : 0.2
population : 100
elite proportion : 1000
generation : 0.2
time : 62.9044
378
32
380
96
90
24
18
84
19
53
51
50
80
79
9
42
152
201
163
138
76
75
104
441
66
77
83
48
45
71
0
33
3
4
36
37
38
5
2
34
1
35
6
73
72
70
230
188
244
223
416
257
301
360
359
372
225
436
209
146
158
58
56
55
87
377
122
144
131
108
129
141
200
210
240
238
199
176
154
156
208
218
293
295
314
341
348
353
362
319
308
276
246
289
288
249
265
272
275
339
405
423
287
310
351
285
347
342
358
429
294
318
363
335
415
300
343
349
286
312
290
317
433
424
220
243
439
280
226
239
237
398
402
241
395
399
392
252
248
401
190
177
387
116
162
330
325
412
267
166
165
215
214
191
221
273
269
135
386
126
440
171
114
103
69
149
172
173
175
105
139
128
397
216
403
259
413
194
203
408
382
120
155
109
132
170
93
438
130
121
142
384
299
277
338
270
268
233
400
161
245
250
247
253
213
396
153
228
229
251
364
331
263
260
414
420
242
281
427
282
309
428
262
236
409
256
258
411
231
292
355
321
320
354
352
316
296
298
327
255
227
283
291
323
366
370
344
329
371
368
334
322
222
417
178
365
356
431
337
332
357
302
430
367
274
328
303
419
271
410
235
181
261
205
232
224
180
196
193
204
418
186
150
115
160
68
67
65
74
40
39
7
8
41
44
46
52
145
147
304
306
437
195
207
179
254
297
361
324
305
422
326
421
333
426
336
369
373
374
264
217
157
85
54
381
107
106
81
49
47
14
13
82
99
140
127
151
148
101
113
391
185
136
388
174
212
137
406
266
345
278
279
350
315
234
184
125
385
102
404
425
432
307
311
346
340
434
313
284
211
164
389
143
133
219
134
159
111
123
375
379
383
61
22
88
78
98
117
393
192
202
189
394
407
187
118
86
25
31
30
29
27
435
376
124
112
183
64
95
97
62
94
100
28
92
60
63
59
57
23
21
43
11
10
12
15
16
17
20
110
26
390
119
167
206
169
182
198
168
197
89
91
