fitness : 98743.5
selection pressure : 3
crossover parameter : 0.7
mutation parameter : 0.2
population : 100
elite proportion : 1000
generation : 0.2
time : 10.1047
102
101
87
86
104
79
82
81
78
80
111
113
112
106
105
103
107
108
114
131
133
132
137
138
140
143
142
141
139
136
134
135
109
85
110
84
83
56
55
57
53
54
50
49
52
51
48
33
32
30
31
1
0
27
3
4
5
2
26
34
22
21
19
20
17
41
40
14
18
6
7
9
8
10
11
12
13
15
16
39
38
37
36
35
29
25
24
23
28
45
47
59
71
42
43
44
70
68
67
66
65
62
64
58
46
60
63
61
69
72
76
75
74
73
90
91
92
94
93
96
88
77
89
98
97
95
121
123
127
128
130
129
124
125
126
122
120
119
118
117
116
115
99
100
