fitness : 65018.8
selection pressure : 3
crossover parameter : 0.7
mutation parameter : 0.2
population : 100
elite proportion : 1000
generation : 0.2
time : 7.78586
76
77
99
100
101
102
87
86
103
104
107
108
106
105
129
128
127
126
125
124
123
122
121
120
119
118
117
116
115
114
130
131
132
133
134
135
136
137
138
139
140
141
142
143
113
112
111
110
109
85
84
83
82
81
80
79
78
59
58
47
46
45
57
56
55
54
53
52
51
50
49
48
30
31
32
33
27
1
0
2
3
4
5
28
29
26
25
34
35
24
23
21
22
36
37
38
39
20
17
16
40
41
15
19
18
7
6
8
9
10
11
13
12
14
42
43
44
70
71
69
68
67
66
65
64
63
62
61
60
88
89
98
97
96
95
94
93
92
91
90
72
73
74
75
