fitness : 95643.1
selection pressure : 3
crossover parameter : 0.7
mutation parameter : 0.2
population : 100
elite proportion : 1000
generation : 0.2
time : 9.94042
24
25
26
28
29
33
31
32
30
27
2
0
1
3
5
4
22
36
37
39
21
6
8
9
10
11
12
20
40
42
71
70
72
74
73
76
77
88
89
98
97
96
92
94
95
93
90
91
119
118
117
116
115
120
121
125
124
122
123
126
127
129
128
133
134
135
137
142
143
136
138
139
140
141
112
110
111
113
131
130
132
114
100
102
87
78
79
80
85
108
109
84
107
106
81
82
83
105
104
103
86
101
99
75
69
66
65
64
61
62
63
67
68
44
43
13
14
41
16
18
7
19
15
17
38
60
59
45
46
47
58
57
56
52
53
55
54
50
49
48
51
34
35
23
