fitness : 270630
selection pressure : 3
crossover parameter : 0.7
mutation parameter : 0.2
population : 100
elite proportion : 1000
generation : 0.2
time : 178.652
598
35
347
174
507
444
653
501
240
251
453
185
459
253
241
380
576
249
244
104
250
0
259
256
580
608
368
822
634
62
1032
579
60
607
61
78
372
468
59
74
57
72
58
73
633
1068
706
698
939
829
264
705
71
606
56
70
371
69
541
263
1008
540
539
547
153
151
307
546
312
152
308
545
309
311
543
33
531
306
542
31
354
305
530
34
532
544
355
885
737
1002
694
1009
680
1001
852
1025
678
828
262
353
1023
891
797
884
1084
1010
853
756
1021
757
855
1011
689
1019
1017
1007
1066
788
717
722
691
1064
704
896
924
904
771
965
697
1050
912
1040
984
922
1078
989
961
699
708
902
1030
980
930
883
700
819
813
814
816
658
820
824
826
727
955
982
1051
777
779
1081
951
957
894
783
785
928
945
953
1033
603
635
1069
879
346
348
349
527
528
529
993
518
519
615
604
169
584
168
171
441
369
170
588
616
605
585
105
586
109
111
617
113
116
119
590
117
114
115
112
110
108
106
387
589
120
587
427
429
426
428
932
969
935
918
972
934
937
1037
776
735
734
121
118
611
1039
1053
733
732
1057
977
731
730
975
967
728
709
688
963
721
1063
610
1036
782
992
1049
1038
995
1045
609
1052
987
766
1035
1056
773
767
943
941
1000
681
999
881
770
702
947
1062
1048
986
959
949
897
1044
1034
581
373
582
447
375
583
175
508
597
465
624
450
417
194
462
257
188
260
1
197
456
654
502
352
420
499
77
75
649
512
505
591
395
176
411
96
630
203
87
45
48
627
124
569
566
216
364
53
563
154
32
310
202
201
556
560
46
383
474
88
628
631
49
504
435
592
408
513
103
498
351
63
245
650
248
76
374
396
577
242
254
258
261
2
381
252
506
173
573
510
523
575
460
191
515
454
93
42
552
457
422
182
433
186
4
419
228
144
224
297
452
273
472
356
467
601
613
235
614
602
637
739
673
944
792
942
867
753
886
948
795
960
1082
1072
950
834
954
1070
1058
836
946
446
636
958
1054
1046
803
952
956
847
1042
751
1027
662
805
863
907
929
846
962
660
938
919
476
966
775
670
931
720
1014
991
899
781
1029
895
996
923
988
925
765
768
994
903
906
682
880
1028
703
701
659
913
985
1079
827
825
823
821
385
905
1080
817
981
1031
926
815
414
239
238
812
818
898
979
882
707
1041
990
384
98
91
90
92
719
723
692
1065
1067
726
718
983
690
772
787
758
1016
854
1018
554
555
156
155
558
559
557
562
561
538
1020
1006
693
736
679
1004
696
890
796
1024
1022
1003
533
535
1005
536
537
51
52
55
534
362
214
54
695
567
564
363
122
215
568
565
123
200
178
177
97
47
503
89
632
629
102
50
514
593
350
497
247
243
578
246
500
412
652
409
651
397
255
64
436
67
65
68
475
769
382
413
511
410
415
551
437
445
940
687
710
729
1015
1026
553
570
439
571
434
3
927
416
572
594
600
612
455
296
461
225
458
274
655
595
440
596
1043
856
869
674
1047
668
810
873
724
1055
487
875
740
716
1059
808
676
920
749
638
405
1071
683
1073
800
711
1083
742
713
685
887
798
657
39
187
473
406
877
860
964
778
807
968
665
780
207
790
976
760
755
784
921
978
746
917
865
843
786
774
1061
791
915
838
901
1013
832
893
889
840
872
1077
744
851
166
764
1075
859
666
12
15
13
745
135
165
134
647
648
164
763
762
162
163
361
360
366
269
367
161
271
550
160
761
549
209
548
1012
909
911
971
974
973
490
488
489
208
407
181
291
199
136
496
159
493
403
325
394
400
280
379
391
623
196
150
206
190
11
479
231
317
343
358
217
40
83
131
80
220
641
36
218
344
158
205
622
393
289
137
485
399
279
390
378
268
365
359
646
14
316
645
304
336
283
290
324
402
149
10
230
318
41
84
132
81
221
37
338
233
29
341
100
237
330
126
619
211
23
314
26
17
640
478
213
424
495
492
443
313
25
337
357
86
128
141
288
28
232
620
340
99
656
236
16
331
127
24
210
328
449
147
180
639
618
277
464
198
6
19
470
295
388
322
404
486
183
432
5
227
189
143
195
223
298
146
272
327
287
276
7
20
142
145
8
275
326
21
139
125
212
22
332
27
315
329
140
18
101
484
129
130
281
839
299
234
30
339
342
38
222
82
133
85
319
333
229
219
345
157
425
621
9
204
392
148
401
282
300
323
398
138
278
389
377
292
335
334
286
284
302
303
644
643
301
642
1074
667
858
850
1076
841
285
888
871
892
831
267
270
900
844
908
837
747
914
864
916
998
526
525
524
997
754
910
789
664
1060
759
806
933
936
431
878
861
266
686
799
714
743
712
801
684
849
874
876
741
677
809
715
725
811
669
675
870
857
868
265
430
830
672
793
738
748
794
671
842
866
833
835
848
663
802
752
750
804
661
862
845
970
480
482
320
481
483
293
321
226
294
423
184
442
494
448
491
477
44
95
193
517
521
599
469
179
509
418
463
626
471
451
79
466
107
43
94
192
516
376
370
522
625
167
172
386
574
520
421
438
66
