fitness : 3.92701e+06
selection pressure : 3
crossover parameter : 0.7
mutation parameter : 0.2
population : 100
elite proportion : 1000
generation : 0.2
time : 296.677
673
1073
150
159
968
836
905
64
554
67
238
103
924
678
788
546
1001
355
123
930
152
814
822
897
484
833
952
551
598
637
810
838
489
973
199
136
334
641
336
867
416
946
572
397
444
421
738
845
557
559
555
564
537
787
413
422
410
769
562
796
577
693
718
535
385
374
567
408
348
527
1078
704
1044
1036
709
603
752
481
298
288
762
160
325
496
774
872
657
971
166
744
394
271
292
332
195
454
467
1070
781
1026
960
721
189
830
169
599
592
680
591
311
306
175
380
201
435
262
813
879
1056
1016
882
1069
518
501
453
363
1023
54
981
409
261
649
285
219
646
190
656
672
1050
984
912
818
812
815
903
63
544
691
69
50
51
52
1004
1059
1055
208
80
639
192
589
661
227
8
1057
517
588
499
498
1071
523
120
114
688
117
200
202
185
459
731
935
1048
153
756
1011
937
1062
728
1052
365
754
998
335
1012
286
86
359
161
950
655
919
99
85
82
109
115
624
783
532
78
1
143
434
381
894
961
438
507
521
699
59
191
273
473
301
302
910
933
907
42
38
315
36
37
390
83
141
47
49
829
824
987
585
432
652
1027
1079
436
627
630
608
574
898
923
534
552
575
662
786
663
681
730
799
951
883
735
1063
970
1000
104
508
171
469
447
862
881
986
697
257
580
483
827
940
1080
726
720
994
476
464
491
375
277
751
979
659
808
847
1014
570
437
536
244
785
866
801
640
132
0
33
32
569
906
55
96
243
89
75
965
53
305
539
309
307
694
700
870
404
338
314
321
326
110
766
943
502
500
364
723
510
948
213
16
43
17
21
802
2
513
558
696
890
703
758
1022
353
1051
947
346
320
547
1049
316
329
377
290
865
832
550
670
983
921
280
379
279
158
131
138
806
875
964
398
14
15
134
745
760
716
39
399
40
222
644
1060
864
525
478
340
927
248
560
215
966
178
417
44
130
741
342
520
327
296
297
792
230
742
283
900
405
11
492
493
1061
549
807
1043
942
587
675
613
378
914
888
642
850
402
360
12
343
479
755
746
676
778
393
526
304
886
287
235
956
350
351
584
963
528
650
370
451
504
654
541
530
980
1081
733
369
168
1053
139
1038
111
182
962
1065
90
66
928
70
757
73
722
72
540
706
579
245
633
1037
1068
395
1002
884
396
460
167
765
91
247
990
258
571
272
6
356
5
1045
294
821
242
925
770
480
857
834
863
4
7
20
233
237
266
876
831
892
805
228
198
665
686
684
666
1074
878
747
400
366
901
647
358
328
19
992
972
997
431
1013
406
748
226
793
224
144
3
9
164
859
612
274
295
419
687
729
974
761
674
300
18
23
26
24
25
29
28
477
494
87
60
777
45
855
56
71
58
57
263
372
264
576
625
1010
1030
105
106
782
259
254
995
253
240
1005
705
597
241
46
68
515
1047
81
157
41
133
27
10
30
129
93
216
362
177
1028
1041
172
811
759
643
843
636
382
472
516
107
13
269
795
486
48
34
79
94
817
497
503
529
116
118
119
135
976
916
232
236
231
780
849
713
667
229
345
293
586
848
426
750
418
542
156
737
767
607
1021
124
415
543
31
98
310
312
803
1042
913
354
581
945
1029
682
749
895
860
851
908
1082
764
425
524
407
403
648
841
809
915
623
289
954
988
77
1032
819
996
1024
779
1007
634
308
203
474
384
1006
371
441
616
1034
482
955
468
967
519
462
816
982
727
629
456
450
932
1008
102
653
538
122
658
698
835
828
939
1064
885
695
1019
794
1017
565
61
556
628
904
368
194
509
179
174
170
140
430
142
146
211
868
275
147
1054
205
620
207
790
284
889
209
217
223
611
1083
753
873
137
495
347
522
605
1035
112
108
126
128
856
798
685
791
740
626
465
423
387
635
352
617
839
299
874
846
1072
331
871
319
392
324
485
318
429
234
330
333
303
339
323
837
282
101
149
341
22
265
188
880
173
145
62
610
732
926
707
852
1040
941
934
193
439
186
388
712
844
148
270
361
645
869
920
471
638
414
938
344
452
276
260
804
212
734
715
125
76
1067
155
97
92
719
690
214
772
1066
151
545
563
959
999
776
891
989
1033
512
1020
1003
854
593
771
1084
1025
1009
922
651
506
65
573
583
949
717
383
88
820
113
918
1018
679
533
896
349
615
411
373
35
412
420
797
582
826
702
953
701
985
568
566
736
853
957
74
251
95
183
1058
322
1046
614
268
711
602
877
683
909
936
619
424
600
553
618
991
590
428
442
594
958
911
391
401
204
858
220
218
221
664
1076
789
861
725
677
977
660
246
825
768
578
239
1031
632
823
595
475
466
463
448
1075
1077
548
184
225
775
267
689
176
773
197
609
993
604
975
714
622
601
455
446
210
206
181
278
317
180
84
357
389
840
893
899
487
488
800
887
196
944
127
313
440
842
100
784
969
743
669
763
490
187
367
165
917
162
978
163
291
902
121
1039
427
470
708
606
531
154
255
252
505
514
561
249
250
256
281
621
671
337
739
692
376
386
433
461
929
931
724
596
458
445
710
1015
443
449
668
457
511
631
