fitness : 5.22985e+06
selection pressure : 3
crossover parameter : 0.7
mutation parameter : 0.2
population : 100
elite proportion : 0.2
generation : 471603
time : 88202.2
932
274
498
495
881
180
867
705
401
565
958
505
879
886
122
77
435
946
20
506
52
272
708
187
953
595
874
233
839
653
810
378
242
66
121
27
238
453
144
813
885
327
53
359
25
935
510
471
706
42
275
613
222
794
536
60
712
724
223
61
15
585
919
631
397
616
718
368
319
893
4
920
846
89
522
14
284
194
605
248
644
750
991
288
878
691
710
472
296
543
834
88
291
23
218
172
436
979
665
593
486
441
990
701
652
934
519
682
237
403
772
835
396
742
311
865
331
475
964
902
469
38
555
849
715
649
94
322
232
371
37
243
578
693
948
451
672
737
440
700
63
269
447
716
273
429
417
842
240
31
744
156
866
101
115
366
562
493
460
819
211
643
936
480
399
594
850
455
95
739
764
276
103
432
72
978
929
408
201
937
921
545
975
516
552
717
246
949
219
174
738
133
151
220
392
869
197
409
216
702
249
345
868
994
685
636
592
256
679
481
195
758
830
413
931
68
175
909
877
292
150
942
157
489
45
896
420
513
2
467
244
800
75
159
962
266
927
375
363
210
389
281
890
267
530
864
67
677
557
884
468
183
137
916
321
703
494
155
49
783
26
478
490
326
35
688
241
941
606
360
193
582
591
225
8
599
503
301
141
779
939
154
443
760
499
704
812
826
820
209
974
329
517
189
479
33
576
80
485
365
7
100
290
48
198
853
634
944
547
795
904
559
730
574
564
191
770
474
601
678
584
484
188
940
139
780
629
207
145
862
533
756
293
82
508
0
424
177
669
74
917
707
488
986
386
753
509
741
694
265
64
364
844
418
229
771
421
135
923
646
907
782
627
457
660
226
608
815
954
263
431
411
462
116
630
913
458
898
466
891
514
809
367
448
470
719
857
968
307
852
167
967
933
621
732
573
341
317
832
163
664
973
250
743
659
793
787
123
438
757
261
556
888
540
84
889
497
633
836
755
270
306
777
362
655
464
176
550
768
776
675
692
620
802
383
96
412
580
840
816
728
571
871
79
625
667
28
185
330
29
723
526
859
507
823
140
837
9
282
388
684
952
668
976
332
569
763
117
581
391
372
419
774
308
709
340
992
255
609
108
804
384
373
635
105
566
196
518
963
538
202
230
398
40
146
169
769
86
551
92
132
512
528
124
476
796
725
749
153
426
855
775
394
385
46
614
254
792
831
687
906
114
338
674
452
62
99
618
446
205
645
147
824
71
537
128
407
535
532
651
477
51
259
752
350
106
179
588
303
722
304
354
315
767
899
997
134
900
670
125
778
387
264
534
245
799
911
204
801
870
182
971
561
560
215
54
351
977
337
143
908
160
711
252
346
170
790
821
596
833
221
981
747
302
352
416
224
234
681
650
166
190
16
339
766
313
44
602
647
212
442
430
271
41
342
112
598
377
118
515
851
895
217
492
427
278
165
785
11
577
181
527
901
604
597
369
110
950
988
97
294
76
348
336
697
312
714
482
554
903
214
55
529
523
289
328
721
200
624
406
43
56
318
583
912
961
120
736
251
587
914
689
491
277
130
829
600
423
59
648
1
698
111
969
136
171
357
773
19
798
863
612
858
24
699
425
428
347
642
415
841
558
808
502
731
374
69
928
727
81
192
628
78
70
300
5
610
818
483
437
30
410
761
500
784
320
754
814
945
960
6
459
335
848
168
746
658
13
726
279
90
918
298
184
623
926
93
781
603
619
827
622
280
856
751
173
957
287
450
734
947
334
87
789
376
297
333
380
57
579
129
525
126
553
91
260
444
203
285
797
73
575
589
993
158
807
838
390
487
434
680
178
955
987
10
456
910
696
641
17
683
404
314
854
882
208
607
309
356
47
637
131
85
283
520
305
161
239
759
539
586
439
286
567
109
805
32
666
542
925
381
984
355
951
235
806
548
98
544
361
999
521
843
379
740
228
875
524
511
690
231
148
713
998
972
860
18
892
989
449
959
382
395
943
676
58
765
686
996
661
735
861
640
353
970
22
563
465
791
673
127
590
461
149
880
817
995
3
894
402
568
611
695
138
258
164
745
325
247
788
663
323
883
822
405
654
956
206
872
873
570
982
236
107
186
414
938
433
671
316
102
825
324
253
343
924
393
887
847
845
119
572
965
496
463
104
65
299
922
811
930
257
905
349
162
985
639
199
422
617
546
39
445
786
358
400
733
656
501
504
632
531
803
113
454
295
213
268
983
762
980
657
729
344
549
638
262
748
36
828
142
615
662
83
876
310
626
370
897
12
152
21
34
541
227
966
473
720
915
50
