fitness : 5.23926e+06
selection pressure : 3
crossover parameter : 0.7
mutation parameter : 0.2
population : 100
elite proportion : 0.2
generation : 229086
time : 42182.4
37
578
243
371
232
322
94
849
715
649
510
471
794
222
706
42
613
275
445
786
358
885
327
53
935
25
359
813
27
121
66
242
378
810
595
874
233
653
839
50
915
720
473
966
227
541
932
498
274
34
21
152
12
401
958
505
565
897
370
626
310
638
549
729
344
262
748
762
983
657
980
435
506
272
52
886
122
77
879
705
867
495
180
881
708
953
187
20
946
656
268
295
213
504
501
238
453
144
733
400
632
531
803
113
39
454
162
985
248
349
905
257
930
811
644
750
299
922
444
260
91
203
285
65
797
553
126
525
57
129
579
36
828
142
615
662
876
83
87
334
947
789
376
297
734
450
287
957
960
945
814
754
320
784
500
761
410
47
356
641
696
456
10
910
279
726
168
746
658
13
90
298
623
184
918
848
335
459
6
173
751
333
380
856
280
622
827
619
603
781
926
93
987
955
680
178
343
938
253
324
825
683
17
404
314
806
235
854
882
208
607
309
539
759
586
239
161
305
520
628
192
78
70
5
300
283
637
85
131
30
437
483
818
610
727
69
808
502
731
374
406
903
554
482
214
55
529
523
721
200
624
43
56
318
583
328
289
587
251
736
120
961
912
558
928
81
415
841
642
347
428
425
699
439
286
567
109
951
355
984
521
843
999
361
817
880
149
379
740
590
461
995
3
568
894
402
33
479
189
517
329
290
48
198
100
560
54
215
7
735
765
661
861
353
640
365
576
80
485
970
22
563
465
791
673
996
686
959
449
989
892
18
860
11
577
972
127
998
713
148
231
524
511
690
181
527
604
901
165
278
851
597
600
423
59
969
111
1
648
875
228
381
925
698
136
357
773
19
542
32
805
666
612
798
863
858
24
914
689
130
491
277
829
171
988
950
110
369
515
348
76
97
294
714
312
697
336
377
118
598
112
342
41
271
492
217
895
427
785
430
442
212
647
602
44
313
766
339
16
166
190
382
395
943
676
58
351
977
908
143
337
561
547
944
559
904
795
971
204
801
870
182
635
373
384
160
252
711
804
108
346
352
416
224
234
681
650
221
981
747
302
170
790
596
821
609
105
566
196
518
963
255
833
992
340
709
308
774
391
419
372
202
538
230
398
40
117
581
976
668
952
684
388
282
9
837
507
859
526
723
823
140
332
569
763
769
169
86
146
551
92
132
512
831
687
906
114
338
674
62
99
330
29
185
28
667
79
625
618
452
205
645
614
254
792
476
855
385
46
824
147
446
571
871
728
816
840
71
394
775
153
749
426
725
796
124
528
245
799
911
534
264
387
730
778
125
670
315
767
899
82
508
0
424
177
753
174
219
949
246
717
552
516
646
907
782
627
923
135
421
418
844
64
364
509
741
694
229
771
306
588
303
259
722
265
304
354
51
477
651
532
535
407
128
537
580
412
96
383
350
752
106
802
179
768
776
675
620
692
464
176
550
655
362
777
270
755
497
540
888
556
261
123
659
793
787
438
757
84
889
836
633
660
608
226
457
815
954
408
458
929
978
72
432
103
276
764
201
937
921
545
739
679
256
975
592
677
67
864
530
890
267
557
468
321
703
636
685
994
868
494
916
137
183
241
688
582
591
225
941
606
360
193
884
281
742
396
835
920
772
403
519
682
237
979
436
172
934
652
701
8
704
499
812
826
820
484
188
770
191
564
139
940
478
26
490
326
35
783
49
155
345
249
702
738
133
216
409
869
392
197
151
220
917
707
488
986
386
669
74
756
533
862
293
145
207
780
629
997
134
900
574
634
853
474
584
601
678
209
974
138
760
443
599
503
154
745
164
258
695
611
325
247
788
663
822
98
548
544
102
316
671
433
414
405
654
883
323
939
779
301
141
441
990
486
593
665
23
218
291
88
834
956
206
186
107
236
845
847
158
887
393
924
838
434
487
390
807
993
589
119
572
575
73
496
965
463
104
991
873
570
982
872
472
296
543
710
288
878
691
14
522
89
846
4
284
194
605
718
397
616
199
639
546
422
617
536
60
724
712
223
61
15
585
919
631
368
319
893
311
865
389
964
475
331
210
45
489
157
942
150
420
292
877
175
68
931
413
830
195
481
95
455
758
850
594
399
115
562
493
366
480
936
643
514
809
891
466
832
898
163
913
630
116
263
431
411
462
743
250
973
664
317
341
573
732
621
933
967
167
852
307
968
857
719
448
367
470
211
819
460
744
156
101
909
866
244
467
2
513
75
800
159
962
31
240
842
417
429
273
716
447
269
63
700
737
672
440
948
693
451
266
927
896
375
363
902
469
38
555
