fitness : 2803.11
selection pressure : 3
crossover parameter : 0.7
mutation parameter : 0.2
population : 100
elite proportion : 0.2
generation : 61
time : 1.64368
202
203
204
205
210
211
212
213
214
215
216
217
218
219
220
221
222
223
224
225
226
227
228
249
248
246
247
245
243
242
241
240
239
238
244
237
236
235
229
230
234
233
232
231
209
208
206
251
252
207
250
253
254
255
256
257
258
259
260
261
262
263
264
139
138
147
140
141
146
142
145
143
144
197
198
196
195
190
189
188
187
186
185
184
183
182
181
180
176
149
148
137
136
135
265
266
134
267
268
133
132
131
130
129
127
20
19
18
17
16
15
269
270
271
272
273
274
5
275
3
276
277
2
1
278
0
4
6
8
7
9
10
11
14
12
13
23
22
24
21
25
26
27
28
30
29
124
123
122
121
120
119
118
156
157
158
159
173
160
161
162
163
164
165
166
167
169
170
172
171
106
105
104
103
102
101
168
100
99
98
97
96
95
94
93
92
91
90
89
108
107
109
110
112
86
85
115
61
58
43
44
45
46
47
48
49
50
51
52
53
54
55
56
57
62
63
84
64
65
66
67
68
69
70
71
72
73
75
74
76
77
78
79
88
80
81
82
83
87
111
113
114
116
117
60
59
42
41
40
39
38
37
36
35
34
33
32
31
125
126
128
153
154
152
155
151
150
175
174
179
178
177
191
192
193
194
199
200
201
