fitness : 7089.52
selection pressure : 3
crossover parameter : 0.7
mutation parameter : 0.2
population : 200
elite proportion : 1000
generation : 0.2
time : 60.9002
180
158
118
151
154
153
129
122
121
124
155
157
165
187
172
162
170
189
188
183
176
159
156
152
128
130
20
19
17
16
15
274
275
8
7
6
4
276
277
3
2
248
260
278
1
0
5
273
9
11
18
21
22
23
24
13
12
10
272
271
14
261
238
245
251
255
263
148
143
145
138
134
135
266
262
256
253
257
226
201
200
198
197
195
191
192
196
193
184
105
103
102
91
87
112
84
69
72
70
71
75
82
86
88
79
63
58
60
55
41
40
39
59
42
67
66
64
43
44
53
45
47
49
51
52
54
46
38
31
27
26
25
28
30
32
35
48
37
34
131
127
123
120
119
177
179
181
182
264
265
252
237
243
279
231
212
207
209
216
203
217
219
222
218
234
232
244
246
247
254
250
241
239
230
233
235
223
224
229
228
242
240
225
211
210
227
249
258
205
206
208
236
214
213
215
202
142
141
137
147
146
140
139
267
149
175
178
186
190
199
144
194
221
220
204
259
269
270
268
136
133
132
126
125
29
33
36
50
61
114
65
56
57
68
73
78
96
95
94
93
117
62
83
85
109
115
104
106
107
113
111
110
108
80
81
77
92
98
90
89
76
74
116
97
100
101
168
99
166
167
169
174
150
164
171
185
163
161
160
173
