fitness : 3271.23
selection pressure : 3
crossover parameter : 0.7
mutation parameter : 0.2
population : 100
elite proportion : 0.2
generation : 0
time : 0.123947
153
154
152
155
151
150
175
176
149
177
178
179
174
182
181
180
173
160
161
162
183
185
184
186
187
188
189
190
192
191
195
196
199
194
193
142
141
145
144
197
198
143
200
201
202
203
263
262
138
148
147
146
140
139
137
264
265
136
134
267
266
135
9
10
11
14
12
13
23
22
24
18
21
25
26
27
28
31
30
29
124
123
122
121
120
119
118
156
157
158
159
172
171
105
104
106
109
107
103
102
101
100
168
169
170
163
164
165
166
167
99
98
97
92
91
90
89
108
88
87
111
110
113
114
116
85
115
112
86
83
82
81
80
79
78
93
96
95
94
77
76
74
75
73
72
71
70
69
66
67
68
50
49
44
55
56
43
58
57
65
84
64
63
62
61
117
60
59
42
41
40
45
54
53
46
47
52
51
48
36
37
38
39
34
35
33
32
125
126
127
128
129
20
19
130
131
132
17
16
133
268
15
269
270
271
272
273
274
275
3
4
5
6
7
8
238
242
239
241
240
1
0
278
2
277
276
246
247
253
250
207
208
209
212
213
216
223
224
225
226
227
228
249
248
245
243
244
229
237
236
235
230
234
231
233
232
222
221
217
220
219
218
215
214
211
210
205
204
206
251
252
255
254
256
261
260
257
258
259
