fitness : 2668.75
selection pressure : 3
crossover parameter : 0.7
mutation parameter : 0.2
population : 100
elite proportion : 0.2
generation : 84481
time : 1963.94
53
52
51
50
49
48
47
46
40
39
38
37
36
35
34
33
32
31
30
29
28
27
26
25
21
24
22
23
13
12
14
11
10
9
7
8
6
5
4
3
0
1
2
278
277
276
275
274
273
272
271
270
15
16
17
18
131
132
133
269
268
134
267
135
136
266
265
137
138
148
147
146
145
144
143
142
141
140
139
264
263
262
261
260
259
258
257
256
253
252
207
206
209
208
251
254
255
248
247
249
250
229
228
245
244
246
243
242
241
240
239
238
237
230
231
236
235
234
233
232
227
226
225
224
223
222
221
220
219
216
218
217
214
215
212
213
210
211
205
204
203
202
201
199
198
197
200
195
194
193
196
192
191
190
189
188
187
186
185
184
183
182
181
180
175
179
178
149
177
176
150
151
155
152
154
153
128
129
130
19
20
127
126
125
124
123
122
121
120
119
118
156
157
158
159
174
160
161
162
163
164
165
166
167
168
169
171
170
173
172
105
106
104
102
103
107
108
109
110
111
87
82
81
80
88
89
90
91
101
100
99
98
97
96
95
94
93
92
79
78
77
76
74
75
73
72
71
70
69
68
67
66
65
64
63
62
61
85
84
83
86
112
113
114
115
116
117
60
59
42
41
44
43
58
57
56
55
45
54
