fitness : 3604.59
selection pressure : 3
crossover parameter : 0.7
mutation parameter : 0.2
population : 100
elite proportion : 0.2
generation : 67
time : 1.89393
78
77
76
75
74
73
72
71
70
69
66
67
68
65
64
63
47
46
53
54
45
49
50
51
48
52
62
125
126
127
136
8
14
18
131
130
19
20
129
128
153
154
152
155
151
150
180
181
182
183
185
184
186
187
188
189
190
192
193
194
199
200
201
202
203
204
210
213
212
211
214
216
217
215
218
219
220
221
222
223
224
225
226
227
228
249
247
246
248
245
243
242
241
240
239
238
237
236
235
229
230
232
233
234
231
209
208
252
251
264
263
262
261
260
259
258
257
256
255
254
253
250
207
206
244
205
198
145
140
141
146
142
143
144
197
196
195
191
177
178
179
174
175
176
149
148
147
139
138
137
265
266
135
268
267
134
133
132
17
16
15
269
270
271
272
273
274
1
0
278
2
276
277
3
275
4
5
6
7
9
10
11
12
13
23
22
24
21
25
26
27
28
31
29
30
32
33
34
35
36
37
38
39
40
41
42
59
60
117
116
114
112
86
85
115
61
58
43
44
55
56
57
84
83
80
81
82
87
111
113
110
109
107
124
123
122
121
120
119
118
156
157
158
159
173
160
161
162
163
164
165
166
167
169
170
172
171
106
105
104
168
100
99
98
97
92
91
90
89
88
94
95
96
93
101
102
103
108
79
