fitness : 351887
selection pressure : 3
crossover parameter : 0.7
mutation parameter : 0.2
population : 100
elite proportion : 0.2
generation : 0
time : 2.56488
5
3
2
4
1
0
69
68
67
71
55
54
53
56
52
50
49
39
38
37
36
35
34
33
32
31
23
22
21
16
15
12
13
9
8
6
7
10
11
14
20
17
18
19
24
30
29
25
28
26
27
331
332
333
40
41
42
43
44
311
310
309
308
307
306
305
304
990
296
297
299
298
283
282
281
280
279
276
277
278
300
301
302
303
112
110
109
111
113
114
115
116
117
105
104
103
102
101
100
99
132
133
95
94
96
97
90
91
89
88
87
81
77
78
74
73
75
79
80
82
83
85
84
86
92
76
93
98
134
135
993
106
107
108
123
122
121
119
120
256
255
254
253
252
248
249
246
244
243
242
245
261
260
259
269
265
264
228
227
226
225
224
223
222
221
220
219
214
213
215
211
210
216
212
218
217
233
232
234
235
236
189
190
191
188
187
238
237
239
240
185
241
192
193
194
186
195
201
196
197
198
199
205
203
202
204
206
207
208
209
200
263
230
231
229
262
266
267
268
270
271
272
273
274
275
468
467
466
469
470
471
475
473
472
474
476
477
478
479
480
481
482
483
491
490
489
485
484
486
487
488
499
498
497
512
511
510
509
508
507
506
501
500
502
503
505
504
998
492
493
494
495
496
997
579
577
574
572
571
570
573
589
588
587
597
593
592
556
555
554
553
552
551
550
549
548
547
542
541
543
539
538
544
540
546
545
561
560
562
563
564
517
518
519
516
515
566
565
567
568
513
569
520
521
522
514
523
529
524
525
526
527
533
531
530
532
534
535
536
537
528
591
558
559
557
590
594
595
596
598
599
600
601
602
603
796
795
794
797
798
799
803
801
800
802
804
805
806
807
808
809
810
811
819
818
817
813
812
814
815
816
827
826
825
840
839
838
837
836
835
834
829
828
830
831
833
832
1001
820
821
822
823
824
1000
907
905
902
900
899
898
901
917
916
915
925
921
920
884
883
882
881
880
879
878
877
876
875
870
869
871
867
866
872
868
874
873
889
888
890
891
892
845
846
847
844
843
894
893
895
896
841
897
848
849
850
842
851
857
852
853
854
855
861
859
858
860
862
863
864
865
856
919
886
887
885
918
922
923
924
926
927
928
929
930
931
903
904
908
909
910
911
912
776
775
777
778
779
759
758
757
756
755
788
789
751
750
752
753
746
747
745
744
743
737
733
734
730
729
731
735
736
738
739
741
740
742
748
732
749
754
790
791
999
762
763
764
760
761
773
771
770
769
768
766
765
767
959
958
957
956
938
937
936
935
932
933
934
939
940
941
942
943
954
955
953
952
992
960
961
962
963
964
965
966
967
700
699
698
697
696
704
705
695
694
693
692
691
690
689
688
687
679
678
677
672
671
668
669
665
664
662
663
666
667
670
676
673
674
675
680
686
685
681
684
682
683
987
988
989
706
708
707
712
710
709
711
722
727
723
724
725
728
726
713
714
720
716
715
717
719
718
721
703
702
701
972
973
974
971
968
970
969
986
985
984
983
982
980
979
981
975
977
976
949
948
946
945
944
947
950
951
978
772
774
780
781
782
783
784
785
786
787
792
793
913
914
906
575
576
580
581
582
583
584
448
447
449
450
451
431
430
429
428
427
460
461
423
422
424
425
418
419
417
416
415
409
405
406
402
401
403
407
408
410
411
413
412
414
420
404
421
426
462
463
996
434
435
436
432
433
445
443
442
441
440
438
437
439
631
630
629
628
610
609
608
607
604
605
606
611
612
613
614
615
626
627
625
624
991
632
633
634
635
636
637
638
639
372
371
370
369
368
376
377
367
366
365
364
363
362
361
360
359
351
350
349
344
343
340
341
337
336
334
335
338
339
342
348
345
346
347
352
358
357
353
356
354
355
659
660
661
378
380
379
384
382
381
383
394
399
395
396
397
400
398
385
386
392
388
387
389
391
390
393
375
374
373
644
645
646
643
640
642
641
658
657
656
655
654
652
651
653
647
649
648
621
620
618
617
616
619
622
623
650
444
446
452
453
454
455
456
457
458
459
464
465
585
586
578
247
251
250
994
149
148
143
142
141
140
139
138
147
145
144
146
150
151
152
153
154
155
163
162
161
157
156
158
159
160
171
170
169
184
183
182
181
180
179
178
173
172
174
175
177
176
995
164
165
166
167
168
257
258
124
125
126
127
128
129
130
131
136
137
118
284
285
286
287
316
317
318
315
312
314
313
330
329
328
327
326
324
323
325
319
321
320
293
292
290
289
288
291
294
295
322
47
46
45
48
51
57
58
64
60
59
61
63
62
65
66
72
70
