fitness : 69177.9
selection pressure : 3
crossover parameter : 0.7
mutation parameter : 0.2
population : 100
elite proportion : 0.2
generation : 54
time : 0.580068
127
126
125
124
123
122
121
120
119
118
117
116
115
134
135
136
137
138
139
140
141
142
143
113
112
111
110
83
82
81
80
79
78
84
85
109
108
107
106
105
104
103
86
87
102
101
100
99
90
91
92
93
94
95
96
97
98
89
88
77
72
73
74
75
76
42
43
44
70
71
69
68
67
66
65
64
63
62
61
60
19
18
7
6
8
9
10
11
12
13
14
15
41
40
16
17
20
39
38
37
36
22
21
23
24
35
34
25
26
29
28
27
5
4
3
2
0
1
33
32
31
30
48
49
50
51
52
53
54
55
56
57
59
58
47
46
45
114
130
131
132
133
129
128
