fitness : 62669.3
selection pressure : 3
crossover parameter : 0.7
mutation parameter : 0.2
population : 100
elite proportion : 0.2
generation : 0
time : 0.216159
46
14
13
12
44
76
98
41
73
72
40
38
6
5
4
3
2
1
0
441
33
65
34
66
67
35
36
68
37
69
70
71
39
7
8
9
10
11
43
75
74
42
45
77
78
79
47
15
225
219
209
198
183
159
170
169
182
197
208
218
409
410
413
236
264
436
274
306
333
332
331
330
329
328
304
305
334
335
426
336
337
374
373
372
371
431
370
369
368
367
366
344
365
364
363
362
361
343
360
359
429
358
434
357
356
355
433
354
430
326
327
303
302
301
300
299
298
324
325
428
323
297
296
322
321
295
277
294
320
319
318
317
316
342
352
353
340
341
345
346
349
348
432
347
350
351
339
312
311
310
338
309
283
284
423
420
424
291
290
289
288
287
286
285
313
314
315
292
293
416
417
252
251
250
249
414
248
247
246
245
244
243
242
241
240
406
227
234
405
400
185
172
239
266
269
270
273
276
425
439
279
282
308
307
427
281
280
278
275
272
268
265
238
237
233
226
404
399
184
171
160
148
135
125
113
102
101
440
385
126
136
114
103
386
388
115
137
391
151
150
149
161
173
395
398
186
174
210
402
228
220
211
199
187
175
162
392
152
138
127
139
116
104
105
106
117
128
140
153
163
164
176
396
188
200
401
201
202
190
189
212
213
221
229
230
222
214
223
231
253
254
255
256
257
258
259
260
261
418
421
437
422
271
419
267
415
263
262
235
411
412
217
207
196
181
168
157
145
132
122
110
109
121
131
144
143
390
120
384
108
119
130
156
167
180
193
194
195
206
205
204
216
403
408
407
232
224
215
203
191
192
179
166
155
142
393
394
177
397
178
165
154
141
129
389
387
118
107
438
82
81
80
99
48
16
17
49
381
380
52
19
20
21
22
23
24
25
26
27
28
29
30
63
31
375
376
32
64
97
96
379
95
378
382
383
112
124
134
147
158
146
133
111
123
62
94
61
93
435
100
92
60
59
91
90
58
57
89
88
56
55
87
377
86
54
53
85
84
83
51
18
50
