14
128
76
83
59
201
73
254
89
95
257
36
188
1
242
124
2
198
100
249
165
91
114
43
176
69
244
192
33
26
156
271
38
227
134
240
163
56
53
40
4
64
190
220
231
88
214
208
92
210
219
167
256
226
243
80
87
186
107
272
135
279
245
168
55
159
98
162
46
228
52
104
90
206
129
54
150
171
177
262
179
145
248
264
229
148
67
278
193
101
21
138
149
161
237
125
252
13
247
253
263
194
218
37
132
66
86
268
235
139
224
22
108
103
42
112
217
137
255
189
223
45
142
234
211
174
260
5
183
225
277
154
28
115
133
166
259
130
195
110
151
175
96
140
191
105
273
65
94
109
199
213
11
27
58
9
20
97
146
34
169
265
205
63
261
232
70
155
12
127
39
111
18
203
276
251
31
212
215
266
204
126
0
157
49
233
270
117
99
82
57
258
184
3
106
32
153
16
202
122
173
50
230
274
85
239
119
6
121
181
93
241
143
269
123
44
250
238
102
120
30
35
23
116
158
147
19
185
246
24
236
47
164
216
29
41
81
74
10
187
118
152
79
207
267
172
141
178
8
222
221
72
15
131
48
275
75
84
71
209
144
113
7
160
182
60
25
136
61
197
200
78
17
62
68
180
51
77
196
170
