132
12
252
226
56
85
86
278
238
195
173
177
273
26
114
61
183
109
121
88
21
115
240
44
138
224
92
43
11
213
100
200
150
229
242
227
148
34
67
69
82
102
62
15
93
120
160
197
189
80
142
104
95
199
158
31
48
117
248
5
152
259
107
20
154
130
59
262
212
208
13
118
209
203
255
143
245
77
279
174
230
205
185
217
139
194
156
187
98
45
60
198
192
74
125
276
251
190
170
89
270
201
70
17
168
6
116
129
175
146
78
218
193
258
261
16
237
235
274
180
2
267
167
162
214
223
247
81
110
250
28
133
161
145
266
54
149
64
87
79
256
122
219
233
211
75
228
30
19
96
234
216
47
134
153
244
90
84
182
124
106
58
27
179
271
53
4
275
68
206
268
165
155
105
25
172
35
243
72
249
38
171
63
207
40
136
164
37
113
65
1
10
264
51
186
0
126
140
14
239
131
269
163
236
108
260
147
222
119
18
111
144
94
36
221
3
9
29
241
33
7
196
42
159
257
46
41
23
71
232
55
50
49
8
99
188
157
39
272
66
24
73
137
123
215
231
178
141
246
181
225
128
127
263
220
57
265
52
91
151
191
253
112
135
76
277
83
210
204
166
103
32
22
254
176
101
202
97
169
184
