fitness : 3628.97
selection pressure : 3
crossover parameter : 0.7
mutation parameter : 0.2
population : 100
elite proportion : 0.2
generation : 6
time : 1.29048
119
118
156
157
158
159
173
160
161
162
163
164
165
166
167
103
102
101
93
96
95
94
88
89
90
91
92
97
98
99
100
168
169
170
172
171
106
105
104
108
79
78
77
76
75
74
73
72
71
70
69
66
67
68
65
64
63
48
51
50
49
45
54
53
46
47
52
62
57
56
55
44
43
58
61
115
85
86
112
114
116
117
60
59
42
41
40
39
38
37
36
35
34
33
32
31
29
30
28
27
26
25
21
24
22
23
13
14
12
11
10
9
8
7
6
5
4
0
278
2
1
274
129
20
19
130
131
18
127
136
198
145
244
276
277
3
275
273
272
271
270
269
15
16
17
132
133
134
267
268
135
266
265
137
138
139
147
148
149
176
175
174
179
178
177
191
195
196
197
144
143
142
146
141
140
264
263
262
261
260
259
258
257
256
255
254
253
250
207
206
251
252
210
213
212
211
214
217
216
215
218
219
220
221
222
223
224
225
226
227
228
249
248
246
247
245
243
242
241
240
239
238
237
236
235
230
229
231
234
233
232
209
208
205
204
203
202
201
200
199
194
193
192
190
189
188
187
186
184
185
183
182
181
180
150
151
155
152
154
153
128
126
125
84
83
80
81
82
87
111
113
110
109
107
124
123
122
121
120
